0
0
73
0	424	0	3.84	0	0	6.74	1.82	0.08	0.56	2.98	1.14	0	0.9	0.32	2.32	0.24	0.14	2.62	0	0	4.94	0.12	0	0	0.66	0	1.48	3.28	0	0.34	2.38	0	0.12	0.84	2.28	0.96	0	0.82	0.84	0	1.4	0.3	2.42	0	2.58	1.36	0	1.56	2.14	0	0	0.24	1.86	6.34	0	0	0	0.6	0.12	0	117.38	0.02	0	0.24	1.56	0	0	0	0	0.94	0	0	0	0	
1	486	9.2	0	5	8.96	7.16	9.58	11.86	9.34	17.68	8.64	8.28	10.12	9.08	9.64	8.18	8.24	8.56	8.88	10.1	9	7.98	8.54	7.76	8.16	19.5	11.92	10.98	10.5	13.84	11.46	11.36	10.18	11.94	8.68	7.6	9.9	8.84	7.4	13.9	7.36	8.88	9.66	8.24	9.56	8.24	8.82	10.54	10.3	7.44	7.88	8.48	9.76	10.88	9.3	7.76	9.76	7.46	7.22	8.2	121.94	8.18	8.84	7.56	14.04	8.26	0	0	0	0	0	0	0	0	
2	653	0	50	0	59.6	0	0	0	0	0	0	0	0	0	47.2	0	0	93.6	47.4	0	0	0	0	0	0	0	0	0	0	0	0	0	0	0	0	0	0	0	0	0	0	46.6	0	0	0	0	0	0	0	0	0	0	0	0	0	79.8	0	0	0	0	0	0	0	3.6	0	0	0	0	0	0	0	0	0	0	
3	388	0	4.44	5.96	0	0.48	2.74	3.62	2.2	5.78	0.18	0	0.9	5.12	1.88	2.56	1.02	5.76	2.12	5.1	0.44	4.94	0.32	0.56	0.64	0	2.54	12.94	1.02	0.3	1.22	0.56	0.64	2.32	0.24	0.96	1.22	0.72	0	0.22	10.1	5.58	1.28	0.24	9.98	1.9	0.56	0.8	2.96	2.64	0	5.2	2.7	5.6	9.9	0.66	0	0.44	0	0	104.34	3.16	0.2	0.48	4.14	2.6	0	0	0	0	0	0	0	0	
4	512	13.12	4.06	0	0.72	0	3.86	1.46	2.1	2.92	5.4	0.82	2.66	2.46	1.06	3.58	4.18	1.66	7.94	1.36	3.06	9.04	5.36	3.5	2.36	4.4	3.78	1.78	1.8	0.84	0.96	2.28	0.96	2.9	7.12	3.64	8.7	6.78	5	5.8	5.68	1.24	4.54	5.48	5.66	4.42	7.9	1.96	2.3	0.98	1.46	2.06	4.12	8.76	6.04	0.72	0.72	1.16	3.6	6.6	130.12	5.98	2.2	1.2	5.2	3	0	0	0	0	0	10.26	0	0	
5	713	7.92	11.16	0	8.76	9.56	0	8.5	14.7	9.82	10.46	8.5	9.3	8.7	12.28	7.9	8.48	9.48	8.4	8.5	9.2	8.3	8.4	8.12	8.7	9	9.2	10.12	8.4	8.6	8.4	8.4	9	9.04	11.7	9.06	8.5	8.1	7.8	8.42	8.1	8.4	9.4	8.3	10.24	9	17.9	9.94	10.44	8.78	8.14	8.4	9.96	10.92	8.5	8.5	8.4	8.1	8.2	7.8	119.2	8.12	9.02	9.14	10.48	8.96	0	0	0	3.98	0	0	0	0	
6	905	0.2	7.7	0	8.4	1.32	2.1	0	8.32	2.98	0.32	0	2.94	11.28	0.68	0.7	4.92	9.46	8.28	2.04	8.14	1.64	0	0.8	0.6	1.2	3.54	6.6	8.78	1.84	6.76	5.22	12.46	6.32	2.24	1.4	6.54	0.5	0.88	0.72	1	5.46	8.64	0.2	4	2.96	1.6	21.38	5.52	4.3	3.54	4.6	1.92	8	0.3	1.78	7.34	3.24	1.06	3.1	110.66	1.1	6.92	6.8	12.22	8.12	3.92	0	0	0	0	0	0	0	
7	553	0.6	5.38	0	2.34	2.58	16.1	4.54	0	9.58	2.56	0.54	3.58	4.82	6.04	1.24	3.66	2.08	2.98	0.96	3.48	3.94	5.38	5.9	4.62	0	1.26	3.74	3.22	1.5	21.64	2.74	6.36	3.94	3.92	9.28	12.94	3.28	2.02	0.6	0.24	2.44	5.76	1.98	8.98	14.32	1.16	1.1	4.86	2.72	1.24	4.02	4.6	13.02	0	1.76	2.88	9.7	2.34	3.46	131.06	0.7	0.76	1.92	6.9	4.9	0	0	9.78	0	0	0	0	0	
8	808	7.68	21.06	0	13.62	3.86	6.18	7.56	18.14	0	11.06	5.82	8.32	21.18	12.68	6.26	7.68	16.06	13.44	5.74	11.92	11.88	8.36	9.74	3.76	10.98	18.9	13.74	12.64	9.34	9.24	10.58	20.1	9.52	6.16	6.02	18.48	9.34	5.82	10.74	7.58	9.48	13.98	6.4	10.3	7.46	8.8	13.4	7.1	7.98	5.32	8.32	8.42	15.5	17.26	6.64	11.92	6.68	6.64	14.38	114.16	8.6	9.4	7.82	16.66	9.54	0	0	0	0	0	0	3.56	0	
9	359	1.62	5.1	0	0.9	4.88	5.26	1	2.2	6.62	0	3.32	1.5	2.24	5.44	3.06	3.68	10.56	1.46	0.8	0.88	4.16	1.52	12.68	1.86	1.76	8.64	2.46	1.64	0.94	2.5	18.22	5.74	2.04	0.6	2.82	1.5	4.56	3.12	0.9	2.4	2.18	5.36	0.84	4.08	2.22	3.1	3.16	3.26	0.98	0.6	0.6	4.24	8.44	15.66	1.16	0.82	2.2	1.52	2.34	118.32	1.66	1	1.14	17.48	0.68	0	0	0	10.56	0	0	0	0	
10	346	0	3.06	0	0	0.5	1.96	0	1.2	2.44	2.58	0	0.9	0.42	1.1	0.32	0.2	2.72	0	9.6	10.2	0.2	0	0	0.6	0	0.94	1.2	0.06	0.56	0.38	0	0.02	0.84	3.22	0.96	0	0.28	0.06	0	0.34	0	1.1	0	2.88	4.06	0.38	4	2.02	0	0	0.12	1.86	5.78	0	0	0	0.32	0	0	96.68	1.26	0	0.24	2.64	0	0	0	0	0	0	4.52	0	0	
11	667	4.5	8.02	0	4.5	5.3	6.28	5.3	6.48	7.72	4.62	4.5	0	4.5	7.44	5.1	4.68	4.5	4.82	4.5	4.7	6.06	4.5	4.98	5.1	4.5	5.28	4.98	4.5	4.5	6.62	4.5	4.5	6.6	4.5	5.46	4.5	7.52	4.5	4.5	4.5	4.78	5.9	4.5	9.08	6.54	4.5	6.1	6.76	4.5	4.5	4.54	6.42	10.14	4.5	4.5	4.5	4.5	4.5	4.5	126.94	4.9	4.54	4.94	8.88	4.5	1.48	0	0	0	0	0	0	0	
12	449	0.32	4.94	0	13.32	1.8	2.34	6.78	8.06	11.62	6.76	0.64	0.9	0	8.76	6.34	6.34	6.68	4.32	7.2	7.54	5.44	15.16	5.02	0.6	0.34	3.64	11.06	12.1	6.3	8.94	6.52	9.24	7.22	0.16	0.96	3.2	6.88	14.42	3.1	10.72	7.1	9.46	4.2	12.02	10.1	13.14	7.72	7.24	3.44	6.4	4.46	12.12	19.72	8.66	5.36	0.92	2.24	2.42	4.5	131.18	1.8	6.48	9.24	6.3	0	0	0	13.28	0	0	0	0	0	
13	395	5.82	5.48	4.72	2.44	0.64	7.9	0.92	7.56	6.9	8.28	3.04	6.4	6.68	0	4.7	13.44	13.46	1.62	1.58	6.86	15.72	10.16	6.84	3.6	12.58	10.28	3.64	2.06	1.66	8.52	0.64	5.8	3.96	0	4.78	19.68	17.26	7.8	13.42	11.04	0.72	12.46	7.3	11.32	8.62	13.94	3.34	2.54	2.38	0.9	8.88	5.08	27.86	15.28	3.16	3.32	1.7	6.9	24.44	113.74	7.3	5.36	1.04	4.82	0	0	0	0	0	0	0	0	0	
14	409	0.6	4.54	0	2.58	2.98	1.92	0.58	1.24	2.56	2.24	0.32	1.46	4	1.8	0	0.2	3.42	1	0.92	3.42	1.24	0.32	0	0.6	0.72	1.44	1.62	1.24	1	1.3	0.8	3.06	1.76	6.74	1.2	0.76	5.8	1.96	3.06	0.6	0.88	11.52	0.1	4.06	3.6	0.56	2.12	2.44	1.6	0.22	0.52	1.92	8.14	6.32	0	1.96	0.24	0.7	1.64	85.92	0.78	8.8	1.12	3.44	1.24	0	0	0	0	0	4.66	0	0	
15	783	0.6	4.48	0	2.56	3.4	2.62	8.08	4.88	3.5	1.88	0.6	1.5	10.92	12	0.44	0	4.04	3.16	0.94	7.26	0.94	1.48	0.3	1.2	0.6	2.96	7.24	11.28	8.64	10.42	4.42	2.76	1.46	2.3	1.26	0.6	0.3	0.4	1.72	0.94	1.12	1.5	0.74	2.74	0.9	1.1	5.88	8.8	1.52	1.2	2.1	2.52	5.96	0.3	1.64	1.2	5.14	0.3	6.1	109.48	0.48	1.4	3.28	6.74	2.44	0	0	0	13.36	0	0	0	0	
16	753	6.92	5	9.36	6.82	2.82	4	4.6	2.6	12.68	13.06	7.34	0.9	3.08	16.42	6.3	7.56	0	2.08	0	1.42	8.5	4.12	6.14	2.62	6.36	14.58	0.42	0.52	0.54	5.54	0.8	1.76	3.22	0	4.2	17.86	5.76	2.66	3.6	9.18	0	11.6	3.64	10.8	7.26	6.78	0.16	2.44	8.5	0.08	3.52	6.96	18.7	14.92	1.24	1.4	2.28	4.34	6.8	118.06	9.06	2	0.24	5.32	9.6	0	0	0	0	0	0	0	0	
17	917	0	4.68	4.74	2.04	5.68	1.96	4.94	2.94	9.84	0.8	0	1.3	1.28	1.7	1.08	1.54	1.44	0	0.38	0.32	3	1.44	1.5	0.6	0	8.3	0.84	1.78	1.42	4.56	1.82	0	3.82	0	0.96	1.52	1.28	0.6	2.2	1.2	0.7	2.22	6.5	8.7	13.62	0	2.42	2.54	0.44	2.52	1.16	2.04	7.34	1.22	1.2	0	0.24	0	0.52	102.34	0.42	0	0.24	4.94	7.3	0	0	0	0	0	0	0	0	
18	466	0	5.82	0	10	0.8	2.14	0.8	0.46	2.18	0.26	3.82	0.9	2.6	0.76	0.56	0.28	0	0.2	0	0.78	0.12	1.38	0.04	0.6	0	0.76	0.88	0	0	11.72	0	0.3	2.88	1.5	0.96	0	0.34	0	0.16	0	0	1.12	0	3.68	2.16	0	0	2.34	0	0	0.24	2.1	4.7	0.12	0	3.48	0.24	0	0	87.42	0.64	0	0.24	2.96	0	0	4.66	0	0	0	0	0	0	
19	649	7.64	4.14	0	0.92	2	2.44	5.18	2.42	5	0.32	5.14	1.4	2.1	6.5	2.78	3.54	0.96	0.4	1.36	0	0.12	0.76	0	0.6	0	0.98	1.82	8.46	1	12	2.22	1.34	4.18	1.66	0.96	1.34	0.5	0.88	2.4	1.88	1	2.64	0.58	9.38	3.62	0.8	2.52	2.64	1.12	0.64	1.38	2.98	11.46	0.12	2.4	0.2	0.1	0	0.88	110.86	0.64	1.5	0.24	5.68	0	2.52	0	0	0	0	0	0	0	
20	433	0.6	5.74	0	5.96	5.76	2.88	1.72	6.12	6.28	3.82	0.84	2.54	4.7	6.62	1.98	1.58	5.6	4.96	0.6	0.6	0	1.24	2.88	1.44	4.4	2.04	3.32	5	3.3	2.96	0.9	3.4	3.08	0.82	1.8	2.56	5.68	0.94	2.68	3.64	6	5.96	1.8	4.88	1.24	2.44	3.4	7.46	1.5	1.36	18.66	7.7	13.76	2.88	0.6	2.32	2.36	1.5	2.64	97.28	2.32	11.96	4.18	6.02	1.92	0	0	0	0	0	6.54	0	0	
21	491	0	3.5	0	0.32	3.08	1.78	0	5.32	3.2	0.76	0	0.9	8.06	4.36	0.32	1.06	1.42	1.6	2.3	0.6	0.76	0	0	0.6	1.5	1.82	0.86	10.76	0.54	9.6	0.4	0.08	1.88	0.08	0.96	0	3.4	0	0	0	0.14	1.42	0.72	2.96	1.28	0	2.66	2.56	0	0	0.84	1.86	4.86	0	0.04	0	0.54	0	0.04	124.26	0	0.24	0.92	5.16	0	0	0	0	4.02	0	0	0	0	
22	816	0	3.5	0	1.16	3.24	2.22	0.96	5.1	4.52	8.8	0	1.82	2	3.1	0	0.06	2.56	1.1	0.12	0	1.4	0	0	0.6	0	5.48	1.32	5.06	1.2	0.84	0.24	0.56	2.36	0.54	0.96	0.64	0.78	1.56	1.08	1.6	4.46	13.6	0.08	3.96	0.58	0.4	4.5	2.54	0.74	0.9	2.2	1.92	7.86	2.56	0.12	0.52	1.34	0.4	1.8	92.56	0.34	1.86	1.64	5.44	1.44	0	0	0	0	1.52	0	0	0	
23	495	3.3	5.52	0	3.12	4.04	4.66	3	6.2	4.18	3.78	3	3.9	3	4	3	3.18	3.78	3	3	3	3.2	3	3	0	3	13.98	3.4	3	3.5	6.42	3.28	3	4.24	3	3.96	3	3	7.72	12.6	3.32	3	4.08	3.06	5.02	3	3	6.16	4.78	3	3.14	3	4.92	5.2	3	3	3	8.94	3	3	95.18	3	3	3.24	4.9	3	0	0	0	0	0	5.68	0	0	
24	463	0	9.36	0	0	2.92	2.08	0.48	0	4.24	0.92	0	0.9	0.34	5.2	0.64	0.18	2.5	0	0	0	2.92	0.3	0	0.6	0	1.92	1.04	0	0.82	0.62	0	0	0.84	3.18	0.96	0	0.16	0.02	0	0.84	0.26	1.26	0	8.98	0.58	0	4.86	2.4	0.08	0	0	1.92	6.82	0.06	0	0	0.84	0	0	94.36	0	2.6	0.24	2.04	0	0	0	0	0	0	0.52	0	0	
25	693	2.56	7.34	0	3.94	3.7	3.82	3.88	3.02	18.24	8.2	1.6	2.92	3.72	7.4	1.96	2.66	13.82	13.24	2.4	1.62	2.28	2.48	8.18	6.84	1.98	0	2.46	6.72	2.52	6.74	2	4.98	2.86	12.68	2.08	3.62	4.56	1.2	9.84	3.1	2.24	2.8	1.94	6.2	3.4	1.94	5.38	3.34	2.84	0.96	2	3.32	13.38	1.94	1.9	3.46	1.6	1.78	3.34	101.92	2.02	1.56	1.74	5.06	1.5	0	0	0	0	0	8.76	0	0	
26	667	4.24	10.3	0	13.44	2.94	4.78	5.5	5.1	11.2	3.92	3.18	3.22	9.5	4.42	2.98	5.96	2.1	2.68	2.82	4	3.62	2.22	3.02	2.6	3.02	3.18	0	3.02	3.86	4.02	7.76	2.08	4.68	3.32	3.52	2.32	2.94	2.7	2.1	2.6	2.92	6.34	2.22	8.38	4.88	4.06	15.46	5.08	4.66	1.88	3.74	5.28	13.74	3.14	2.3	2.1	3.14	2.44	3.02	124.44	2	2.9	2.74	6.86	1.8	4.82	0	0	0	0	0	0	0	
27	1055	0	5.32	0	1.42	0.96	2.44	4.4	2.66	5.18	1.1	0.3	0.9	4.14	0.88	1.4	13.52	0.44	2.12	0	14.16	2.12	5.66	2.78	0.6	0	4.78	0.88	0	1.36	1.6	0.24	0	2.46	0.58	0.96	7.08	0.32	0	0.56	0.6	0.12	10.28	0	8.44	2.62	0.12	0.92	2.64	0.58	0.42	2.32	3	21.04	0.64	5.62	0	0.88	0	0	126.3	0.72	0	0.24	4.86	0	0	7.68	0	0	0	0	0	0	
28	689	0.8	8.78	0	0.46	0.78	2.38	0.72	0.84	4.78	0.7	1	0.9	1.26	1.16	0.96	4.86	0.28	1.48	0	0.4	1.92	0.42	1.26	1.16	1.34	1.06	1.86	1.2	0	1.84	0.88	0.26	2.38	0	1.2	0.46	5.2	0	1.88	0.8	0.22	4.22	0.48	5.28	4.62	0.12	1.82	2.64	1.02	0.68	1.4	18.08	12.08	3.9	4.08	2.8	0	1.4	2.3	111.48	15.98	0	1.84	5.98	0	5.74	0	0	0	0	0	0	0	
29	530	2.38	9.18	0	1.36	0.96	2.24	4.5	20.3	4.64	1.9	0.44	3.5	4.6	10.9	1.4	7.38	10.74	8.32	7.22	13.16	1.24	6.18	1.12	4.64	0.96	6.5	3.18	2.16	2.12	0	5.2	3	3.74	1.84	1.46	2.1	0.12	0.44	1.02	0.22	4.42	2.5	0.48	11.54	2	0.24	10.68	13.58	21.58	2.62	9.82	5.04	7.86	2.54	2.32	1.88	2.3	0.12	0.52	128.72	3.26	2.32	1.88	9.6	1.84	0	0	21.26	0	0	0	0	0	
30	877	0	5.36	0	0.4	1.16	1.92	2.74	1.96	4.62	11.56	0	0.9	1.86	0.28	0.8	7.3	0.32	1.28	0	0.92	0.42	0.16	0.32	0.72	0	0.64	10.6	0.08	0.58	3.86	0	0	3.5	0	0.96	0.12	4.92	5.68	0	0.24	0.44	1.1	0	6.24	11.62	0	0	2.94	0.58	0	1.28	2.68	15.54	0.66	0.04	0	0.4	5.7	0	125.32	0.46	0	0.24	2.36	0	0	0	4.44	0	0	0	0	0	
31	362	0.6	4.98	0	0.7	0.48	2.14	5.84	4.74	8.38	8.52	0.1	0.9	4.52	2.56	2.98	1.1	1.12	0	0.26	0.86	1.46	0.24	0.76	0.6	0	2.32	0.64	0	0.4	1.98	0	0	9.86	0.32	0.96	0.24	5.04	0.28	0.56	0.58	0	4.26	1.42	12.98	3.04	0	2.04	2.54	7.8	3.22	9	2.48	14.84	1	0	0.1	1.08	0	0	105.82	9.14	0.6	0.24	3.3	0	3.08	0	0	0	0	0	0	0	
32	578	4.2	10	0	6.6	5.26	6.26	9.36	6.96	7.54	5.82	4.2	6.78	7.48	7.54	5.04	4.78	7.16	8.5	7.22	7.12	5.1	5.4	4.9	5.36	4.2	5.14	6.52	6.46	6.42	7.2	6.4	9.88	0	4.2	5.16	4.52	4.56	4.36	4.2	4.2	4.28	5.78	4.2	9.42	5.7	4.2	6.16	15.74	8.18	6.2	6.5	5.8	14.1	4.2	6.2	7.56	6.68	4.2	4.2	133.4	4.28	8.64	6.48	8.16	6.28	0	3.44	0	0	0	0	0	0	
33	416	4.2	3.18	0	1.2	4.06	5.72	0.88	3.24	2.36	0.12	3.38	0.9	0.16	0	12.62	2.54	0	0	4.36	0.66	0.42	0.4	0.4	0.6	3.66	6.54	1.04	0.62	0	1.58	0	0.32	0.84	0	0.96	0.6	7.62	0.64	2.22	1.8	0	0.96	10.28	5.96	2.32	2.38	0	2.18	1.28	0	0.14	4.74	7.74	2.82	0	0	0	0	0.24	126.76	2.04	1.38	0.24	1.56	0	0	0	8.1	0	0	0	0	0	
34	649	4.8	7.28	0	4.8	6.88	6.72	5.12	16.88	6.74	5.84	4.8	5.7	4.8	6.36	5	4.86	5.9	4.8	4.8	4.8	5	4.8	4.8	5.4	4.8	5.28	5.6	4.8	6	5.16	4.8	4.8	5.64	4.8	0	5.1	4.86	4.8	4.8	4.8	5.04	5.7	7.02	6.48	4.8	4.8	5.84	6.66	4.92	4.8	4.8	6.72	6.34	7.48	4.8	4.8	5.66	4.8	4.8	85.58	4.8	4.8	14.64	8.84	4.8	0	0	0	0	5.42	0	0	0	
35	747	0	4.34	0	1.34	5.8	1.82	11.86	19.22	10.7	0.74	0	0.9	1.6	7.8	0.72	0.18	10.12	1.52	0	1.38	1.04	0	0.44	0.6	0	2.92	0.72	10.4	0.28	2.48	0.36	0.08	1.12	0.22	1.12	0	0.08	0.08	0.18	3.8	0.12	8.08	0.54	4	0	0.18	5.36	2.44	0.2	4.14	0.62	2.32	13.8	0.46	0.8	0.2	1.06	0	0	98.58	0	1.18	0.24	2.1	1.4	0	0	0	0	0	8.26	0	0	
36	331	0.94	5.16	0	1.8	4.58	2.08	0.58	3.1	4.44	4.3	0.26	6.7	2.48	10.38	5.56	0.06	4.56	2.16	0.94	0.66	4.6	5.9	0.66	0.6	0.2	3.48	1.3	0.32	7.92	0.04	8.26	10.18	1.44	3.96	1.26	0.24	0	0	0.3	7.16	0.58	2.92	5.48	8.7	1.54	1.1	5.46	7.38	3.96	0	0.62	1.86	11.12	0.7	0	5.62	0.4	0	0.24	113.6	0	7.34	0.24	4.86	5.34	0	0	0	10.1	0	0	0	0	
37	408	1.2	3.16	0	0	3.7	1.62	0.52	1.34	2.18	2.2	0.2	0.9	8.56	2.86	1.8	0.18	0.92	0.6	0	0.36	0.32	0	1.24	10.2	0.1	0.72	0.98	0	0	0.44	7.6	0.3	1.04	0.6	0.96	0.4	0	0	3.24	0	0	1.66	0	2.04	2.16	1.4	0.96	2.02	3.6	0	0	2.26	2.66	0.24	0	0	0	0	0	117.18	0	0	0.24	2.66	0	0	0	0	0	0	0	5.02	0	
38	814	0	8.48	0	0.06	3.76	2.18	0.36	0.28	4.64	0.46	0	0.9	1.38	5.08	3.06	1.28	1.64	1.4	0.4	1.72	0.96	0	1.34	4.42	0	11.9	0.42	0.4	1.24	0.68	0	0.4	0.84	1.36	0.96	0.74	0.54	3.08	0	0	0	1.86	0.22	4.46	2.4	0	2.68	2.46	0.66	0	0.44	2	8.9	0.38	0.16	0	1.12	0	8.76	101.86	0.2	2.9	0.24	2.76	0	0	0	0	0	0	0	3.4	0	
39	529	0.58	3.28	0	4.56	4.2	2.06	0.36	0.88	3.88	1.8	0.62	0.9	7.3	5.16	0.72	1.68	12.56	1.12	0	2.28	1.92	0	1	1	1.08	2.78	0.6	1	0.8	0.06	0.08	0.32	0.84	1.2	0.96	4.14	8.48	0	0	0	0.62	1.02	0.56	2.76	1.72	0.64	3.62	2.38	0.06	0	0.84	1.86	5.64	1.1	0	0.44	3.64	0	0.44	112.74	0.9	1	1.28	2.4	2.92	0	0	0	4.88	0	0	0	0	
40	653	1.5	3.86	4.66	9.06	0.7	2.08	2.52	1.92	3.68	1.56	0	2.3	2.82	0.52	0.78	0.64	0	0.36	0	0.4	10.56	0.06	4.06	0.6	1.3	0.82	1.06	0.04	0.36	3.62	1.04	0	1.08	0	2.16	0.14	1.38	0	0	0.88	0	1.74	0	4.36	1.5	4.7	0.24	2.44	0.36	0	0.2	1.96	11.6	0.12	5.16	0.02	0	0	0	94.5	0.04	0	0.24	4.66	0	0	0	0	0	0	0	0	0	
41	905	5.22	8.74	0	5.44	6.92	7.1	12.68	10.8	12.06	7.9	5	6.68	9.28	11.14	12.14	5.4	12.34	5.3	5.2	7.06	9.88	5.52	19.34	5.7	5.52	5.9	8.98	14.76	8.32	6.68	4.74	12.5	7.06	4.8	5.46	16	6.3	6.16	6.1	5.02	5.66	0	6.48	8.28	5.56	5	19.7	7.44	6.18	5.2	16.94	6.42	13.4	8.82	5.86	6.84	5.32	7.94	5.18	96.96	5.1	7.02	4.94	10.22	5.48	0	0	0	0	9.1	0	0	0	
42	355	0	3.96	0	0.08	5.08	2.12	0.06	1.26	2.52	0.4	0	0.9	0.84	2.9	0.02	0.18	1.76	6.18	0	0.18	1.36	1.44	0.24	0.9	0	1.14	0.46	0	0.28	0.56	0	0.74	0.84	4.32	10.56	0.58	11.18	0	0.38	0.4	0	2.16	0	2.56	0	0.2	1.7	2.54	0.7	0	0	2	3.3	10.82	0	0	0.72	0.34	0	106.56	0.32	0.32	0.24	1.76	4.4	0	0	0	0	0	0	5.8	0	
43	400	7.7	11.54	0	24.6	7.66	7.96	10.12	23.2	10.36	8.62	8.76	14.06	28.64	14.9	7.88	7.38	23.22	20.42	11.02	21.2	9.68	8.1	10.8	6.8	20.18	11.98	16.02	20.84	13.42	20.52	15.9	33.22	15.54	11.94	6.76	11.24	11.58	6.2	12.1	7.6	12.36	10.76	7.56	0	8	9.2	20.16	11.5	12.64	10.5	12.62	8.22	11.74	24.22	10.04	19	14.96	7.46	13.54	104.52	7.98	19.12	21.46	23.96	18.72	0	0	0	0	8.4	0	0	0	
44	438	1.78	4.64	0	2.94	2.48	3.28	5.4	10.84	3.34	1.58	4.78	4.16	7.3	8.78	4	0.3	3.68	17.8	3.38	5.38	0.62	1.64	0.54	0.6	0.82	3.18	4.06	4.1	5.94	2.38	15.02	3.72	4.36	2.86	0.96	0	1.58	1.74	2.3	1.56	3.48	1.32	0	2.62	0	0.24	11.24	2.68	2.56	0.32	5.26	2.1	6.54	0	3.18	11.74	1.68	0.14	3.92	103.6	0.96	2.18	0.84	3.52	0	0	0	0	0	0	0	6.82	0	
45	567	0	4.22	0	0.36	7.02	6.64	1.34	0.68	3.56	2.08	1.34	0.9	12.5	5.3	0.48	0.38	3.86	0	0	0.76	0.84	0	0.16	0.6	0	1.06	1.98	0.44	0.44	0.48	0	0	0.84	3.06	0.96	0.26	1.04	0.44	0	0.64	11.72	1.2	0.28	3.48	0.28	0	3.38	2.64	1.44	0	0	1.96	7.18	0.14	0	3.9	1.42	0	0	115.24	0	0.24	7.18	2.36	0	0	0	0	0	0	0	6.54	0	
46	555	4.32	5.7	0	1.3	1.12	5.72	14.84	0.98	6.36	5.24	11.36	1.32	2.18	2.26	3.46	6.76	0.64	2.68	0	2.1	8.02	5.38	6.92	5.18	8.24	6.48	12.1	0.8	2.34	6.78	0	2.2	2.68	0	3.72	11.54	8.58	2.88	7.44	8	0.08	13.58	3.58	11.16	12.94	8.16	0	2.64	2.72	0	0.6	4.78	19.72	9.06	0.24	0.6	1.5	6.44	11.8	141.66	2.52	0.84	0.24	6.34	3	0	4.9	0	0	0	0	0	0	
47	354	10.7	14.62	0	13.52	8.38	13.46	12.84	14.94	14.52	13.42	10.1	12.2	15.74	12.7	11.44	16.62	12.2	12.7	11.7	13.2	21.42	10.88	12.7	9.5	12	12.56	13.04	13.2	13.2	20.92	13.56	12.7	27.12	10.9	10.26	12.2	14.48	10.1	12.3	11.9	12.2	14.16	12.7	14.52	12.28	13.2	13.2	0	11.68	11.9	12.74	12.28	15.68	13.2	11	11.2	11.58	11.2	12.74	96.22	11.6	12.3	10.98	16.82	9.7	0	0	7.42	0	0	0	0	0	
48	1098	0	3.54	0	2.2	0.92	2.5	2.64	2.64	3.56	0.34	0	0.9	3.44	1.44	1.64	0.76	11.26	0.64	0	1.76	0.86	0	0.5	0.6	0.2	2.22	3.06	0.9	1.42	13.32	0.42	11	4.16	1.32	1.26	0.4	4.68	5.9	0.78	0.3	0.44	1.92	0.82	4.74	1.4	1.8	1.62	2.96	0	0	0.7	2.52	3.9	0	0	2.12	0.16	0.3	0.7	122.04	0.96	4.8	1	6.72	0	0	3.76	0	0	0	0	0	0	
49	835	0	3.48	0	0	1.1	1.92	6.16	0.28	2.04	0.12	0	0.9	2.08	0.38	0.06	0.42	0.24	2.98	0	0.16	0.76	0	0.3	0.74	0	0.24	0.76	0.1	0.48	1.46	0	9.66	2.34	0	0.96	1.86	0	0	0	0	0	1.12	0	3.46	0.08	0	0	2.38	0	0	1.64	4.88	4.06	0	0.26	0	0.08	0	0	126.48	0.52	0	0.24	1.88	0	0	3	0	0	0	0	0	0	
50	456	0.64	3.7	0	4.52	2.56	1.82	2.52	4.32	3.36	0.12	0.6	1.1	3.58	6.08	0.56	1.78	3.36	2.28	0.6	1.48	13.96	1.76	3.32	0.6	0	1.2	2.74	3.1	1.58	6.82	1.38	12.64	2.18	0.06	0.96	1.14	0.52	0	0.64	0.94	0.52	17.52	0	4.62	3.24	0	0.76	3.22	2.5	2	0	1.92	8.12	0	0.32	11.94	1.08	1.16	0.6	120.5	1.4	2.72	2.28	17.54	2.08	0	8.74	0	0	0	0	0	0	
51	579	1.62	4.72	0	3.18	3.64	3.36	1.92	4.12	4.88	3.6	1.62	2.76	18.02	3.16	1.92	2.1	3.92	2.36	2.16	2.96	5.44	1.86	1.92	2.52	1.92	2.92	3.48	3.12	17.46	5.04	4.64	2.32	2.84	3.3	2.88	2	1.86	1.7	2	1.86	2.12	2.82	2.16	3.9	1.68	1.64	3.18	3.96	2.64	11.46	1.92	0	7.9	2.02	1.92	1.92	1.62	1.62	2.54	114.64	1.86	1.68	2.84	3.38	1.98	0	0	0	7.68	0	0	0	0	
52	439	8.1	7.92	0	6.4	7.04	5.88	9.76	13.16	9.04	8.32	5.54	8.92	18.64	20.04	7.74	7.08	18.76	8.42	7.66	12.3	13.2	5.98	8.18	4.08	8.02	14.14	11.94	17.22	14.08	8.42	16.7	15.64	11.78	8.46	3.22	15.64	13.2	4.18	9.3	7.2	13.68	9.72	4.54	7	7.26	9.02	15	7.68	5.02	5.26	8.12	10.38	0	19.02	7.24	17.7	8.14	4.68	11.38	102.64	4.68	8.7	7.08	7.72	5.28	0	0	0	0	1.82	0	0	0	
53	659	0	4.86	0	5	3.4	2.32	0.12	0	7.58	16.26	0	0.9	2.78	7	8.8	0.06	6.38	1.24	0.36	0.14	1.78	0	1.94	0.6	0.3	2.02	1.08	0.64	3.46	2.04	0.48	0.86	0.84	1.76	4.74	0.2	0.6	0.16	0.24	0.44	0.04	2.92	6.98	14.98	0	0.38	4.82	2.64	0	0	0	1.94	19.74	0	0	0	1.98	0.12	10.08	92.56	1.56	0	0.24	2.78	0.24	0	0	0	0	5.9	0	0	0	
54	442	0	3.3	7.98	0.4	0.48	2.16	1.42	2.06	2.5	0.36	0	0.9	2.4	2.28	0	1.12	1.24	0.48	0	2.32	0.12	0.2	0.04	0.6	0	0.68	0.5	4.14	7.74	2.26	0.12	0	2.12	0	0.96	3.8	0	0	0.14	0	7.58	1.58	0	3.3	1.42	0	0.46	3.64	0	0.18	0.28	1.92	6.92	0	0	0	10.86	1.3	0	105.5	0.04	0	0.24	3.16	0.3	0	0	0	0	0	0	0	0	
55	394	0	4.18	0	0	0.48	1.8	3.32	2.68	5	0.4	0	0.9	0.68	1.6	1.72	0.42	0.72	0	1.12	0.04	0.72	0	0.96	0.6	0	1.68	0.42	0	1.42	1.18	0	0.5	3.9	0	0.96	0.04	2.86	0	0	0.12	0.1	2.22	0	7.1	7.04	8.3	0.24	2.24	1.6	0	8.62	1.92	13.32	0	0	0	0.64	0	0	118.86	1.84	0	0.24	2.92	0	1.66	0	0	0	0	0	0	0	
56	506	1.04	3.14	0	0.64	0.92	1.96	1.24	9.86	2.56	1.96	0.4	0.9	2.4	0.42	0.28	2.06	1.32	0.36	0.6	0.04	1	1.7	0.82	3.04	0.9	0.78	1.32	1.52	0	1.52	0.64	1.44	3.2	0	2.04	1.56	1	0	2	3.72	0	1.52	0.6	5.84	0.96	1.74	1.5	2.98	0.64	0.4	0.72	1.86	7.62	2.26	5.58	1.28	0	0.9	2.48	129.08	1.56	0.72	1.4	3.44	0	0	0	2.6	0	0	0	0	0	
57	685	0.12	3.06	0	0	2.4	2.1	0.4	1.5	2.54	0.86	0	0.9	0.74	2.48	1.62	0.06	1.6	0	0	0	0.5	0	0.16	0.6	0	1.72	0.62	0	0.8	0.04	3.04	0	0.84	0	0.96	0	0	0	0	0	0	3.76	0.2	2.84	0.06	0	2.92	2.24	0.12	0	2.46	1.86	3.16	0.04	0.46	0	0.88	0	0	115.36	0	0	0.24	2.58	3.22	0	0	0	0	0	0	0.56	0	
58	530	0	4.2	0	0	4.3	1.94	1.34	2.42	5.78	1.4	0	0.9	1.14	12.76	1.48	2.82	2.54	0.4	0	0.68	0.92	0.2	0.88	0.6	0	3	1.3	0	1.08	1.54	0	0	0.84	0.08	0.96	0	0.08	0	4.08	0.56	0	1.22	0	5.02	3.6	0	4.48	2.74	0.32	0	0.24	2.26	12.1	3.88	0	0	1.72	0	0	86.8	1.32	0	0.24	2.52	0.24	0	0	0	0	0.62	0	0	0	
59	357	194.7	208	0	174.74	190.16	189.48	193.34	213.52	176.74	186.56	160.44	212.68	214.52	173.66	141.74	181.44	193.04	175.34	146.92	187.62	156.88	209.16	151.44	162.16	158.74	163.08	216.66	215.84	193.72	213.94	212.64	182.3	215.5	220.68	138.9	163.28	188.66	190.1	165.68	187.9	170.84	154.2	179.9	161.48	175.78	187.58	221.42	148.28	211.46	216.8	208.08	192.32	166.06	148.14	182.02	197.82	215.96	194.48	144.16	0	164.24	132.76	174.56	198.66	203.02	0	0	0	0	7.64	0	0	0	
60	468	0.1	4.26	0	4.04	5.4	1.82	0.74	1.56	3.7	0.62	1.12	1.94	2.42	3.6	0.84	0.28	5.96	1.06	1.44	0.64	1.36	0	0.34	0.6	0	1.14	0.4	1.3	11.3	3.22	0.56	10.6	1.24	1.32	0.96	0	0	0	0.3	0.68	0.12	1.08	0.4	2.9	0.68	0	0.84	2.32	0.72	1.04	1.32	1.86	3.48	2.62	0.12	3.02	1.04	0	0.84	98	0	0.2	1.04	3.72	3	0	0	0	0	0	0	1.76	0	
61	653	0	4.04	0	0.24	1.32	2.96	3	0.44	3.88	0.44	0	1.1	2.84	2.28	5.28	0.96	0.8	0	0	0.9	7.48	0.28	1.1	0.6	0.52	0.66	0.9	0	0	1.4	0	0.12	3.2	1.18	0.96	0.98	4.76	0	8.18	0.52	0	2.06	0.32	7.84	1.8	0.08	0.32	2.46	4.84	0	1.44	1.68	7.74	0	0	0	0.4	0	0	81.64	0.08	0	0.24	1.2	0	0	0	1.66	0	0	0	0	0	
62	536	1.2	4.44	0.36	1.28	1.68	3.5	3.76	2.48	4.1	1.38	1.2	2.14	3.4	1.68	2.24	2.58	1.2	1.2	1.2	1.2	2.7	1.4	1.76	1.8	1.2	2.16	2.1	1.2	2.48	2	1.2	1.2	3.36	1.2	6.28	1.2	1.2	1.2	1.2	1.92	1.2	2.34	1.2	10.8	1.8	4.98	1.2	3.54	1.48	1.2	2.84	3.32	8.04	1.2	1.2	1.2	1.72	1.2	1.2	100.58	1.84	1.2	0	7.66	1.2	0	0	0	0	0	0	0	0	
63	402	2.36	13.54	0	6.26	5.56	5.08	11.62	7.26	11.26	12.94	4.24	6.48	9.4	8.32	5	5.26	9.18	7.86	4.98	10.06	6.7	6.24	7.64	3.22	3.32	5.8	9.12	7.86	7.62	8.78	4.16	5.1	6.52	1.84	9.12	3.18	5.42	3.36	5.48	3.26	8	9.8	2.48	12.22	3.76	3.46	9.5	8.26	9.5	2.6	16.1	3.5	8.6	4.96	6.44	4.78	3.96	4.92	4.48	119.74	4.7	2	10.98	0	4.72	0	3.76	0	0	0	0	0	0	
64	0	0	3.22	0	0.56	10.38	2.06	3.6	3.7	3.74	0.36	0	0.9	0	0	1.44	1.22	5.72	5.18	0	0	0.76	0	0.96	0.6	0	0.6	0.36	0	0	0.8	0	0	2.84	0	0.96	0.28	3.12	0	0	6.08	0	1.36	6.4	6.82	0	0	2.56	1.94	0	0	1.64	2.22	4.32	0.2	0.06	0	0	9.6	0.2	117.84	2.04	0	0.24	3.68	0	6.18	0	0	0	0	0	0	0	
65	0	0	0	0	0	0	0	39.2	0	0	0	0	14.8	0	0	0	0	0	0	0	25.2	0	0	0	0	0	0	48.2	0	57.4	0	0	30.8	0	0	0	0	0	0	0	0	0	0	0	0	0	0	0	0	0	0	0	0	0	0	0	16.6	0	0	0	0	0	0	0	0	61.8	0	0	0	0	0	0	0	0	
66	0	0	0	0	0	0	0	0	0	0	0	0	0	0	0	0	0	0	0	46.6	0	0	0	0	0	0	0	0	76.8	0	0	0	0	34.4	0	0	0	0	0	0	0	0	0	0	0	0	0	49	0	37.6	30	87.4	0	0	0	0	0	0	0	0	0	0	0	0	37.6	0	0	0	0	0	0	0	0	0	
67	0	0	0	0	0	0	0	0	97.8	0	0	0	0	128.8	0	0	0	0	0	0	0	0	0	0	0	0	0	0	0	0	147.6	44.4	0	0	81	0	0	0	0	0	0	0	0	0	0	0	0	0	74.2	0	0	0	0	0	0	0	0	26	0	0	0	0	16.6	0	0	0	0	0	0	0	0	0	0	0	
68	0	9.4	0	0	0	0	39.8	0	0	0	105.2	0	0	0	0	0	112.6	0	0	0	0	0	40.2	0	0	0	0	0	0	0	0	0	0	0	0	0	0	100.9	0	0	48.8	0	0	0	0	0	0	0	0	0	0	0	76.8	0	0	0	0	0	0	0	0	0	0	0	0	0	0	0	0	0	0	0	0	0	
69	0	0	0	0	0	0	0	0	0	0	0	0	0	0	0	0	0	0	0	0	0	0	0	15.2	0	0	0	0	0	0	0	0	0	0	0	54.2	0	0	0	0	0	0	91	0	84	0	0	0	0	0	0	0	0	18.2	59	0	0	0	0	6.2	76.4	0	0	0	0	0	0	0	0	0	0	0	0	0	
70	0	0	0	0	0	102.6	0	0	0	0	0	45.2	0	0	0	46.6	0	0	0	0	0	65.4	0	0	56.8	5.2	87.6	0	0	0	0	0	0	0	0	0	82.6	0	0	0	0	0	0	0	0	0	0	0	0	0	0	0	0	0	0	0	0	0	0	0	0	0	0	0	0	0	0	0	0	0	0	0	0	0	
71	0	0	0	0	0	0	0	0	0	35.6	0	0	0	0	0	0	0	0	0	0	0	0	0	0	0	0	0	0	0	0	0	0	0	0	0	0	0	0	50.2	34	0	0	0	58	0	68.2	65.4	0	0	0	0	0	0	0	0	0	0	0	5.6	0	0	17.6	0	0	0	0	0	0	0	0	0	0	0	0	
72	0	0	0	0	0	0	0	0	0	0	0	0	0	0	0	0	0	0	0	0	0	0	0	0	0	0	0	0	0	0	0	0	0	0	0	0	0	0	0	0	0	0	0	0	0	0	0	0	0	0	0	0	0	0	0	0	0	0	0	0	0	0	0	0	0	0	0	0	0	0	0	0	0	0	
