0   0   0   0   0   0   0   0   0   0   0   0   0   0   0   0   0   0   0   0   0   0   0   0   0   0   0   0   0   0   0   0   0   0   0   0   0   0   0   0   0   0   0   0   0   0   0   0   0   0   0   0   0   0   0   0   0   0   0   0   0   0   0   0   0   0   0   0   0   0   0   0   0   0   0   0   0   0   0   0   
0   0   0   0   0   0   0   0   480   930   0   0   0   0   0   0   30   0   0   0   0   0   0   0   1060   1580   0   0   0   0   0   0   1410   1000   0   0   0   0   0   0   0   0   0   0   0   0   0   0   0   0   0   0   0   0   0   0   0   0   0   0   0   0   0   0   0   0   0   0   0   0   0   0   0   0   0   0   0   0   0   0   
0   0   0   0   0   0   0   0   0   0   60   0   0   0   0   0   0   0   0   0   0   0   0   0   0   0   1380   930   0   0   0   0   0   0   0   0   0   0   0   0   0   0   0   0   0   0   0   0   0   0   0   0   0   0   0   0   0   0   0   0   0   0   0   0   0   0   0   0   0   0   0   0   0   0   0   0   0   0   0   0   
0   0   0   0   0   0   0   0   0   0   0   0   0   0   0   0   0   0   0   0   0   0   0   0   0   0   0   0   0   0   0   0   0   0   0   0   0   0   0   0   0   0   0   0   0   0   0   0   0   0   0   0   0   0   0   0   0   0   0   0   0   0   0   0   0   0   0   0   0   0   0   0   0   0   0   0   0   0   0   0   
0   0   0   0   0   0   0   0   0   0   0   0   0   0   0   0   0   0   0   0   0   0   0   0   0   0   0   0   0   0   0   0   0   0   0   0   0   0   0   0   0   0   0   0   0   0   0   0   0   0   0   0   0   0   0   0   0   0   0   0   0   0   0   0   0   0   0   0   0   0   0   0   0   0   0   0   0   0   0   0   
0   0   0   0   0   0   0   0   0   0   0   0   270   900   0   0   0   0   0   0   0   0   0   0   0   0   0   0   1180   1610   0   0   0   0   0   0   0   0   0   0   0   0   0   0   0   0   0   0   0   0   0   0   0   0   0   0   0   0   0   0   0   0   0   0   0   0   0   0   0   0   0   0   0   0   0   0   0   0   0   0   
0   0   0   0   0   0   0   0   0   0   0   0   0   0   1860   90   0   0   0   0   0   0   0   0   0   0   0   0   0   0   3670   1390   0   0   0   0   0   0   0   0   0   0   0   0   0   0   0   0   0   0   0   0   0   0   0   0   0   0   0   0   0   0   0   0   0   0   0   0   0   0   0   0   0   0   0   0   0   0   0   0   
0   0   0   0   0   0   0   0   0   0   0   0   0   0   0   0   0   0   0   0   0   0   0   0   0   0   0   0   0   0   0   0   0   0   0   0   0   0   0   0   0   0   0   0   0   0   0   0   0   0   0   0   0   0   0   0   0   0   0   0   0   0   0   0   0   0   0   0   0   0   0   0   0   0   0   0   0   0   0   0   
0   48   0   0   0   0   0   0   0   345   258   265   287   351   276   273   264   264   265   266   264   264   264   183   294   264   264   267   264   264   401   267   264   264   264   267   267   264   262   266   261   265   270   265   265   266   266   260   260   260   260   260   261   304   336   263   261   261   261   259   260   258   258   259   259   322   259   259   259   259   259   223   0   0   0   0   0   0   0   0   
0   93   0   0   0   0   0   0   513   0   435   435   449   510   465   444   435   435   435   435   425   420   435   360   462   435   435   435   435   425   435   435   435   435   435   435   435   420   420   420   420   428   435   428   428   428   429   420   420   420   420   420   420   462   521   420   420   420   420   420   420   420   420   420   420   478   420   450   450   450   450   435   0   0   0   0   0   0   0   0   
0   0   6   0   0   0   0   0   78   87   0   0   24   90   15   9   0   0   0   0   0   0   0   0   34   0   0   0   0   0   0   0   0   0   0   0   0   0   0   0   0   9   15   9   9   9   9   0   0   0   0   0   0   42   96   0   0   0   0   0   0   0   48   0   0   69   0   30   30   30   30   30   0   0   0   0   0   0   0   0   
0   0   0   0   0   0   0   0   85   87   0   0   24   90   15   9   0   0   0   0   0   0   0   0   23   3   0   0   0   0   0   0   0   0   0   0   0   0   0   0   0   9   15   9   9   9   69   0   0   0   0   0   0   39   89   14   0   0   0   0   0   0   0   0   0   45   3   0   0   0   0   0   0   0   0   0   0   0   0   0   
0   0   0   0   0   27   0   0   203   205   120   120   0   210   135   129   120   120   120   120   120   120   120   120   126   136   120   120   120   120   303   120   120   120   120   120   120   120   120   120   120   129   135   129   129   129   129   120   120   120   120   120   120   160   172   157   120   120   120   120   120   120   120   120   120   165   120   135   135   135   135   135   0   0   0   0   0   0   0   0   
0   0   0   0   0   90   0   0   531   534   450   450   474   0   489   459   450   450   450   450   450   450   450   450   450   481   450   450   450   450   450   450   450   450   450   450   450   450   450   450   450   459   465   461   459   463   459   450   450   450   450   450   450   493   500   573   450   450   450   450   450   450   450   450   450   498   450   450   450   450   450   450   0   0   0   0   0   0   0   0   
0   0   0   0   0   0   186   0   156   294   75   75   99   285   0   84   75   195   75   75   75   195   75   75   75   238   75   75   75   195   75   75   75   195   75   75   75   75   75   75   75   84   90   88   84   84   84   75   75   75   75   75   75   122   123   188   75   75   75   75   75   75   99   75   75   123   75   90   90   90   90   90   0   0   0   0   0   0   0   0   
0   0   0   0   0   0   9   0   129   132   45   45   69   135   60   0   45   45   45   45   45   45   45   45   45   70   45   45   45   45   45   45   45   45   45   45   45   45   45   45   45   56   60   54   54   54   78   45   45   45   45   45   45   86   93   120   45   45   45   45   45   45   45   45   45   90   48   45   45   45   45   45   0   0   0   0   0   0   0   0   
0   3   0   0   0   0   0   0   84   87   0   0   24   90   15   9   0   0   0   0   0   0   0   0   0   21   0   0   0   0   132   0   0   0   0   0   0   0   0   0   0   9   15   9   9   9   9   0   0   0   0   0   0   42   52   121   0   0   0   0   0   0   0   0   0   40   15   15   15   15   15   15   0   0   0   0   0   0   0   0   
0   0   0   0   0   0   0   0   84   87   0   0   24   90   39   9   0   0   0   0   0   0   0   0   0   24   0   0   0   0   0   0   0   0   0   0   0   0   0   0   0   9   15   9   9   9   9   0   0   0   0   0   0   42   48   65   0   0   0   0   0   0   0   0   0   29   15   0   0   0   0   0   0   0   0   0   0   0   0   0   
0   0   0   0   0   0   0   0   85   87   0   0   24   90   15   9   0   0   0   0   0   0   0   0   0   22   7   0   0   0   0   0   0   0   0   0   0   0   0   0   0   9   15   9   9   9   9   0   0   0   0   0   0   45   48   87   0   0   0   0   0   0   24   0   0   24   15   0   0   0   0   0   0   0   0   0   0   0   0   0   
0   0   0   0   0   0   0   0   86   87   0   0   24   90   15   9   0   0   0   0   0   0   0   0   0   6   18   0   0   0   0   0   0   0   0   0   0   0   0   0   0   7   13   7   7   7   31   0   0   0   0   0   0   39   49   129   0   0   0   0   0   0   0   0   0   24   29   0   0   0   0   0   0   0   0   0   0   0   0   0   
0   0   0   0   0   0   0   0   84   85   0   0   24   90   15   9   0   0   0   0   0   0   0   0   0   0   25   0   0   0   149   0   0   0   0   0   0   0   0   0   0   6   12   6   6   6   10   0   0   0   0   0   0   37   58   35   0   0   0   0   0   0   0   0   0   24   29   0   0   0   0   0   0   0   0   0   0   0   0   0   
0   0   0   0   0   0   0   0   84   84   0   0   24   90   39   9   0   0   0   0   0   0   0   0   0   0   25   0   0   0   0   0   0   0   0   0   0   0   0   0   0   7   13   7   7   7   7   0   0   0   0   0   0   36   49   7   0   0   0   0   0   0   0   0   0   24   11   0   0   0   0   0   0   0   0   0   0   0   0   0   
0   0   0   0   0   0   0   0   84   87   0   0   24   90   15   9   0   0   0   0   0   0   0   0   0   0   24   0   0   0   0   0   0   0   0   0   0   0   0   0   0   7   13   7   7   7   7   0   0   0   0   0   0   44   56   29   0   0   0   0   0   0   24   0   0   24   22   0   0   0   0   0   0   0   0   0   0   0   0   0   
0   0   0   0   0   0   0   0   63   72   0   0   24   90   15   9   0   0   0   0   0   0   0   0   0   0   22   0   0   0   0   0   0   0   0   0   0   0   0   0   0   5   11   5   5   5   29   0   0   0   0   0   0   33   60   17   0   0   0   0   0   0   0   0   0   0   0   0   0   0   0   0   0   0   0   0   0   0   0   0   
0   106   0   0   0   0   0   0   234   222   155   83   54   90   15   9   0   0   0   0   0   0   0   0   0   0   20   0   0   0   132   0   0   0   0   0   0   0   0   0   0   3   9   5   3   3   3   0   0   0   0   0   0   42   52   17   0   0   0   0   0   0   0   0   0   44   18   0   0   0   0   0   0   0   0   0   0   0   0   0   
0   158   0   0   0   0   0   0   84   87   0   15   104   230   158   129   105   120   110   22   0   0   0   0   0   0   10   4   0   0   0   0   0   0   0   0   0   0   0   0   0   9   15   7   9   9   9   0   0   0   0   0   0   42   52   36   0   0   0   0   0   0   0   0   0   34   21   0   0   0   0   0   0   0   0   0   0   0   0   0   
0   0   141   0   0   0   0   0   84   87   0   0   24   90   15   9   0   0   35   90   115   125   120   110   75   30   0   14   0   0   0   0   0   0   0   0   0   0   0   0   0   9   15   9   9   9   9   0   0   0   0   0   0   42   48   35   0   0   0   0   0   0   24   0   0   50   18   0   0   0   0   0   0   0   0   0   0   0   0   0   
0   0   95   0   0   0   0   0   87   87   0   0   24   90   15   9   0   0   0   0   0   0   0   0   0   20   70   0   45   70   60   50   40   0   0   0   0   0   0   0   0   9   15   9   9   9   33   0   0   0   0   0   0   42   48   111   0   0   0   0   0   0   0   0   0   42   38   9   0   0   0   0   0   0   0   0   0   0   0   0   
0   0   0   0   0   119   0   0   84   87   0   0   24   90   15   9   0   0   0   0   0   0   0   0   0   0   0   9   0   0   132   0   20   55   70   105   70   130   80   60   0   9   15   9   9   9   9   0   0   0   0   0   0   48   60   101   0   0   0   0   0   0   0   0   0   82   16   0   0   0   0   0   0   0   0   0   0   0   0   0   
0   0   0   0   0   161   0   0   84   85   0   0   24   90   39   9   0   0   0   0   0   0   0   0   0   0   0   14   0   0   0   0   0   0   0   0   0   0   15   90   108   99   155   110   139   124   49   0   0   0   0   0   0   46   48   33   0   0   0   0   0   0   0   0   0   73   20   0   0   0   0   0   0   0   0   0   0   0   0   0   
0   0   0   0   0   0   672   0   322   87   0   0   290   90   15   9   228   0   0   0   241   0   0   0   226   0   0   14   228   0   0   0   228   0   0   0   228   0   0   0   0   9   15   9   9   29   69   120   65   65   65   115   125   75   48   43   0   0   0   0   0   0   24   0   0   74   16   0   0   0   0   0   0   0   0   0   0   0   0   0   
0   0   0   0   0   0   141   0   87   87   0   0   24   90   15   9   0   0   0   0   0   0   0   0   0   0   0   10   0   0   0   0   0   0   0   0   0   0   0   0   0   6   12   6   6   6   30   0   0   0   0   0   35   138   163   149   80   45   95   110   10   0   0   0   0   57   27   9   0   0   0   0   0   0   0   0   0   0   0   0   
0   142   0   0   0   0   0   0   84   87   0   0   24   90   15   9   0   0   0   0   0   0   0   0   0   0   0   8   4   0   132   0   0   0   0   0   0   0   0   0   0   3   9   3   3   3   3   0   0   0   0   0   0   42   48   3   0   0   0   20   95   105   95   135   115   111   88   0   0   0   0   0   0   0   0   0   0   0   0   0   
0   100   0   0   0   0   0   0   84   87   0   0   24   90   39   9   0   0   0   0   0   0   0   0   0   0   0   0   12   0   0   0   0   0   0   0   0   0   0   0   0   3   9   3   3   3   3   0   0   0   0   0   0   42   48   3   0   0   0   0   0   0   0   0   0   51   52   100   85   100   95   80   0   0   0   0   0   0   0   0   
0   0   0   0   0   0   0   0   84   87   0   0   24   90   15   9   0   0   0   0   0   0   0   0   0   0   0   0   14   0   0   0   0   0   0   0   0   0   0   0   0   3   9   3   3   3   3   0   0   0   0   0   0   42   48   3   0   0   0   0   0   0   24   0   0   64   37   0   0   0   0   0   0   0   0   0   0   0   0   0   
0   0   0   0   0   0   0   0   87   87   0   0   24   90   15   9   0   0   0   0   0   0   0   0   0   0   0   0   21   0   0   0   0   0   0   0   0   0   0   0   0   5   11   5   5   5   29   0   0   0   0   0   0   42   48   3   0   0   0   0   0   0   0   0   0   64   33   12   0   0   0   0   0   0   0   0   0   0   0   0   
0   0   0   0   0   0   0   0   87   87   0   0   24   90   15   9   0   0   0   0   0   0   0   0   0   0   0   0   14   0   132   0   0   0   0   0   0   0   0   0   0   5   11   5   7   5   5   0   0   0   0   0   0   42   54   3   0   0   0   0   0   0   0   0   0   57   16   9   0   0   0   0   0   0   0   0   0   0   0   0   
0   0   0   0   0   0   0   0   84   84   0   0   24   90   15   9   0   0   0   0   0   0   0   0   0   0   0   0   26   0   0   0   0   0   0   0   0   0   0   0   0   5   11   5   5   5   5   0   0   0   0   0   0   39   48   35   0   0   0   0   0   0   0   0   0   58   6   9   0   0   0   0   0   0   0   0   0   0   0   0   
0   0   0   0   0   0   0   0   82   84   0   0   24   90   15   9   0   0   0   0   0   0   0   0   0   0   0   0   16   3   0   0   0   0   0   0   0   0   0   0   0   6   12   6   6   6   6   0   0   0   0   0   0   39   48   37   0   0   0   0   0   0   0   0   0   55   0   15   0   0   0   0   0   0   0   0   0   0   0   0   
0   0   0   0   0   0   0   0   86   84   0   0   24   90   15   9   0   0   0   0   0   0   0   0   0   0   0   0   12   18   0   0   0   0   0   0   0   0   0   0   0   4   10   4   4   4   4   0   0   0   0   0   0   36   48   10   0   0   0   0   0   0   0   0   0   31   0   21   6   0   0   0   0   0   0   0   0   0   0   0   
0   0   0   0   0   0   0   0   81   84   0   0   24   90   15   9   0   0   0   0   0   0   0   0   0   0   0   0   0   24   0   0   0   0   0   0   0   0   0   0   0   4   10   4   4   6   6   0   0   0   0   0   0   39   48   18   0   0   0   0   0   0   0   0   0   54   0   19   0   0   0   0   0   0   0   0   0   0   0   0   
0   0   0   0   0   0   0   0   97   116   33   33   57   123   48   47   33   33   33   23   26   27   27   17   15   33   33   33   33   51   33   18   15   15   15   25   17   25   22   16   16   0   47   41   41   44   35   22   12   10   10   10   20   57   58   39   0   0   0   0   0   0   0   0   0   57   0   17   0   0   0   0   0   126   0   0   0   0   0   0   
0   0   0   0   0   0   0   0   126   147   63   63   87   153   78   72   63   63   63   53   56   57   57   47   45   63   63   63   63   91   63   48   45   45   45   55   47   55   52   46   46   71   0   72   72   72   77   74   54   50   50   50   61   98   94   141   60   80   85   85   75   63   63   63   63   97   60   63   45   45   45   45   0   0   198   0   0   0   0   0   
0   0   0   0   0   0   0   0   97   116   33   33   57   125   58   42   33   33   33   23   26   27   27   17   17   31   33   33   33   54   33   18   15   15   15   25   17   25   22   16   16   41   48   0   42   42   42   33   18   15   15   30   42   74   70   93   18   30   33   33   43   55   55   55   45   54   30   51   15   15   15   15   0   0   192   0   0   0   0   0   
0   0   0   0   0   0   0   0   97   116   33   33   57   123   48   42   33   33   33   23   26   27   27   17   15   33   33   33   33   59   33   18   15   15   15   25   17   25   22   16   16   41   48   43   0   42   42   33   18   15   15   20   31   62   64   47   24   40   44   39   33   33   33   33   43   66   50   48   25   15   15   15   0   0   0   0   0   192   0   0   
0   0   0   0   0   0   0   0   98   116   33   33   57   133   48   42   33   33   33   23   26   27   27   17   15   33   33   33   33   57   37   18   15   15   15   25   17   25   22   16   18   43   48   42   42   0   42   33   18   15   15   20   31   64   64   124   18   30   33   38   44   44   44   39   33   58   30   33   15   25   25   25   0   0   0   0   0   190   0   0   
0   0   0   0   0   0   0   0   98   117   33   183   57   123   48   162   33   33   33   143   36   27   27   137   15   33   33   153   33   41   45   138   15   15   15   145   17   25   22   16   18   39   49   42   42   42   0   33   18   15   15   20   31   62   64   132   15   33   33   33   33   33   33   33   33   51   30   33   15   15   15   15   0   0   0   0   0   0   348   0   
0   0   0   0   0   0   0   0   80   84   0   0   24   90   15   9   0   0   0   0   0   0   0   0   0   0   0   0   0   0   24   0   0   0   0   0   0   0   0   0   0   6   18   9   9   9   9   0   0   0   0   0   0   68   49   155   0   0   0   0   0   0   0   5   11   30   10   36   5   5   5   5   0   0   0   0   0   0   8   0   
0   0   0   0   0   0   0   0   80   84   0   0   24   90   15   9   0   0   0   0   0   0   0   0   0   0   0   0   0   0   13   0   0   0   0   0   0   0   0   0   0   4   14   6   6   6   6   0   0   0   0   0   0   67   48   141   0   0   0   0   0   0   0   0   0   66   0   15   0   0   0   0   0   0   0   0   0   0   0   0   
0   0   0   0   0   0   0   0   80   84   0   0   24   90   15   9   0   0   0   0   0   0   0   0   0   0   0   0   0   0   13   0   0   0   0   0   0   0   0   0   0   2   10   3   3   3   3   0   0   0   0   0   0   39   48   3   0   0   0   0   0   0   0   0   0   54   0   18   0   0   0   0   0   0   0   0   0   0   0   0   
0   0   0   0   0   0   0   0   80   84   0   0   24   90   15   9   0   0   0   0   0   0   0   0   0   0   0   0   0   0   13   0   0   0   0   0   0   0   0   0   0   2   10   3   3   3   3   0   0   0   0   0   0   39   48   3   0   0   0   0   0   0   0   0   0   73   0   15   0   0   0   0   0   0   0   0   0   0   0   0   
0   0   0   0   0   0   0   0   80   84   0   0   24   90   15   9   0   0   0   0   0   0   0   0   0   0   0   0   0   0   27   0   0   0   0   0   0   0   0   0   0   2   10   6   4   4   4   0   0   0   0   0   0   39   48   5   0   0   0   0   0   0   0   0   0   32   0   31   0   0   0   0   0   0   0   0   0   0   0   0   
0   0   0   0   0   0   0   0   81   84   0   0   24   90   15   9   0   0   0   0   0   0   0   0   0   0   0   0   0   0   33   7   0   0   0   0   0   0   0   0   0   4   13   10   7   7   7   0   0   0   0   0   0   39   48   69   0   0   0   0   0   0   0   0   0   38   0   17   0   0   0   0   0   0   0   0   0   0   0   0   
0   0   0   0   0   0   0   0   292   294   210   195   224   295   230   209   210   210   213   195   185   180   200   165   210   210   210   210   215   215   218   230   210   210   210   210   210   195   195   180   195   214   223   206   202   207   202   260   260   195   195   195   195   0   243   257   195   213   195   180   230   215   195   180   195   231   207   256   240   246   242   267   0   0   0   0   0   51   0   0   
0   0   0   0   0   0   0   0   356   384   305   285   274   332   255   249   250   240   240   241   265   240   246   240   250   250   240   240   270   240   240   263   240   240   240   240   255   240   240   240   240   242   250   246   244   244   244   241   240   240   240   240   240   279   0   243   240   240   240   240   240   240   240   240   240   270   240   333   296   324   303   288   0   0   0   0   0   0   66   0   
0   0   0   0   0   0   0   0   83   84   0   26   73   209   140   96   117   69   91   89   47   27   33   21   21   48   47   119   113   41   53   57   15   15   15   15   15   47   53   17   26   43   117   93   43   108   108   151   141   15   15   21   86   108   63   0   39   42   62   132   127   77   45   114   151   98   38   55   18   15   15   15   0   0   0   0   0   0   171   0   
0   0   0   0   0   0   0   0   81   84   0   0   24   90   15   9   0   0   0   0   0   0   0   0   0   0   0   0   0   0   0   16   0   0   0   0   0   0   0   0   0   0   16   6   8   6   3   0   0   0   0   0   0   39   48   27   0   0   0   0   0   0   0   0   0   49   0   16   12   0   0   0   0   0   0   0   0   0   0   0   
0   0   0   0   0   0   0   0   81   84   0   0   24   90   15   9   0   0   0   0   0   0   0   0   0   0   0   0   0   0   0   11   0   0   0   0   0   0   0   0   0   0   16   6   8   6   9   0   0   0   0   0   0   48   48   30   0   0   0   0   0   0   0   0   0   55   0   6   14   0   0   0   0   0   0   0   0   0   0   0   
0   0   0   0   0   0   0   0   81   84   0   0   24   90   15   9   0   0   0   0   0   0   0   0   0   0   0   0   0   0   0   21   0   0   0   0   0   0   0   0   0   0   21   9   12   9   9   0   0   0   0   0   0   39   48   50   0   0   0   0   0   0   0   0   0   44   0   6   15   0   0   0   0   0   0   0   0   0   0   0   
0   0   0   0   0   0   0   0   79   84   0   0   24   90   15   9   0   0   0   0   0   0   0   0   0   0   0   0   0   0   0   22   4   0   0   0   0   0   0   0   0   0   21   9   11   10   9   0   0   0   0   0   0   36   48   120   0   0   0   0   0   0   0   0   0   30   0   0   42   0   0   0   0   0   0   0   0   0   0   0   
0   0   0   0   0   0   0   0   80   84   0   0   24   90   15   9   0   0   0   0   0   0   0   0   0   0   0   0   0   0   0   2   20   0   0   0   0   0   0   0   0   0   20   11   9   12   9   0   0   0   0   0   0   53   48   123   0   0   0   0   0   0   0   0   0   51   0   0   41   0   0   0   0   0   0   0   0   0   0   0   
0   0   0   0   0   0   0   0   78   84   0   0   24   90   15   9   0   0   0   0   0   0   0   0   0   0   0   0   0   0   0   0   21   0   0   0   0   0   0   0   0   0   15   15   9   12   9   0   0   0   0   0   0   47   48   81   0   0   0   0   0   0   0   0   0   53   0   0   18   0   0   0   0   0   0   0   0   0   0   0   
0   0   0   0   0   0   0   0   78   84   140   0   24   90   135   9   0   0   120   0   0   0   120   0   0   0   120   0   0   0   120   0   19   0   120   0   0   0   0   0   0   0   15   15   9   12   9   0   0   0   0   0   0   39   48   41   0   0   0   0   0   0   0   0   0   42   0   0   18   0   0   0   0   0   0   0   0   0   168   0   
0   0   0   0   0   0   0   0   79   84   0   0   24   90   15   9   0   0   0   0   0   0   0   0   0   0   0   0   0   0   0   0   27   0   0   0   0   0   0   0   0   0   15   15   9   11   9   1   0   0   0   0   0   36   48   110   0   0   0   0   0   0   0   0   0   24   0   0   27   0   0   0   0   0   0   0   0   0   0   0   
0   0   0   0   0   0   0   0   79   84   0   0   24   90   15   9   0   0   0   0   0   0   0   0   0   0   0   0   0   0   0   0   23   0   0   0   0   0   0   0   0   0   15   13   11   9   9   3   0   0   0   0   0   39   48   167   0   0   0   0   0   0   0   0   0   54   0   0   15   0   0   0   0   0   0   0   0   0   0   0   
0   0   0   0   0   0   0   0   238   218   161   45   129   198   123   54   76   57   24   24   24   24   24   0   64   58   70   78   198   181   176   117   91   91   192   144   125   122   115   47   98   97   109   66   70   78   51   26   118   114   125   48   66   99   90   94   93   163   84   42   103   113   78   24   66   0   63   24   42   24   18   0   0   66   0   0   0   0   0   0   
0   0   0   0   0   0   0   0   79   84   0   15   24   90   17   24   51   63   63   36   45   45   48   0   66   63   63   21   64   72   64   23   77   72   78   25   30   30   0   0   0   0   12   6   10   6   6   2   0   0   0   0   0   47   48   26   0   0   0   0   0   0   0   0   0   39   0   0   15   0   0   0   0   0   126   0   0   0   0   0   
0   0   0   0   0   0   0   0   79   90   6   0   27   90   18   9   3   0   0   0   0   0   0   0   0   0   0   33   0   0   0   33   0   20   0   36   33   33   63   21   66   63   75   60   76   69   69   56   63   66   63   54   63   115   165   47   30   30   30   0   0   0   0   0   0   24   0   0   24   0   0   0   0   0   126   0   0   0   0   0   
0   0   0   0   0   0   0   0   79   90   6   0   27   90   18   9   3   0   0   0   0   0   0   0   0   0   0   0   0   0   0   0   0   18   0   0   0   0   0   18   0   0   9   3   5   3   3   1   0   0   0   0   0   48   80   18   36   46   39   41   69   66   66   39   63   90   63   36   0   45   45   0   0   0   0   0   0   78   0   0   
0   0   0   0   0   0   0   0   79   90   6   0   27   90   18   9   3   0   0   0   0   0   0   0   0   0   0   0   0   0   0   0   0   20   0   0   0   0   0   0   0   0   9   3   3   5   3   1   0   0   0   0   0   54   108   3   0   0   0   0   0   0   0   0   0   24   0   0   9   0   0   0   0   0   0   0   0   0   0   0   
0   0   0   0   0   0   0   0   79   90   6   0   27   90   18   9   3   0   0   0   0   0   0   0   0   0   0   0   0   0   0   0   0   19   0   0   0   0   0   0   0   0   9   3   3   5   3   1   0   0   0   0   0   50   87   3   0   0   0   0   0   0   0   0   0   6   0   0   9   0   0   0   0   0   0   0   0   0   0   0   
0   0   0   0   0   0   0   0   67   87   6   0   27   90   18   9   3   0   0   0   0   0   0   0   0   0   0   0   0   0   0   0   0   16   0   0   0   0   0   0   0   0   9   3   3   5   3   1   0   0   0   0   0   75   72   3   0   0   0   0   0   0   0   0   0   0   0   0   0   0   0   0   0   0   0   0   0   0   0   0   
0   0   0   0   0   0   0   0   0   0   0   0   0   0   0   0   0   0   0   0   0   0   0   0   0   0   0   0   0   0   0   0   0   0   0   0   0   0   0   0   0   0   0   0   0   0   0   0   0   0   0   0   0   0   0   0   0   0   0   0   0   0   0   0   0   0   0   0   0   0   0   0   0   0   0   0   0   0   0   0   
0   0   0   0   0   0   0   0   0   0   0   0   0   0   0   0   0   0   0   0   0   0   0   0   0   0   0   0   0   0   0   0   0   0   0   0   0   0   0   0   0   1260   0   0   0   0   0   0   0   0   0   0   0   0   0   0   0   0   0   0   0   0   0   0   0   660   0   0   0   0   0   0   0   0   0   0   0   0   0   0   
0   0   0   0   0   0   0   0   0   0   0   0   0   0   0   0   0   0   0   0   0   0   0   0   0   0   0   0   0   0   0   0   0   0   0   0   0   0   0   0   0   0   1980   1920   0   0   0   0   0   0   0   0   0   0   0   0   0   0   0   0   0   0   0   0   0   0   1260   1260   0   0   0   0   0   0   0   0   0   0   0   0   
0   0   0   0   0   0   0   0   0   0   0   0   0   0   0   0   0   0   0   0   0   0   0   0   0   0   0   0   0   0   0   0   0   0   0   0   0   0   0   0   0   0   0   0   0   0   0   0   0   0   0   0   0   0   0   0   0   0   0   0   0   0   0   0   0   0   0   0   0   0   0   0   0   0   0   0   0   0   0   0   
0   0   0   0   0   0   0   0   0   0   0   0   0   0   0   0   0   0   0   0   0   0   0   0   0   0   0   0   0   0   0   0   0   0   0   0   0   0   0   0   0   0   0   0   0   0   0   0   0   0   0   0   0   0   0   0   0   0   0   0   0   0   0   0   0   0   0   0   0   0   0   0   0   0   0   0   0   0   0   0   
0   0   0   0   0   0   0   0   0   0   0   0   0   0   0   0   0   0   0   0   0   0   0   0   0   0   0   0   0   0   0   0   0   0   0   0   0   0   0   0   0   0   0   0   1920   1900   0   0   0   0   0   0   0   510   0   0   0   0   0   0   0   0   0   0   0   0   0   0   780   0   0   0   0   0   0   0   0   0   0   0   
0   0   0   0   0   0   0   0   0   0   0   0   0   0   0   0   0   0   0   0   0   0   0   0   0   0   0   0   0   0   0   0   0   0   0   0   0   0   0   0   0   0   0   0   0   0   3480   80   0   0   0   0   0   0   660   1710   0   0   0   0   0   0   1680   0   0   0   0   0   0   0   0   0   0   0   0   0   0   0   0   0   
0   0   0   0   0   0   0   0   0   0   0   0   0   0   0   0   0   0   0   0   0   0   0   0   0   0   0   0   0   0   0   0   0   0   0   0   0   0   0   0   0   0   0   0   0   0   0   0   0   0   0   0   0   0   0   0   0   0   0   0   0   0   0   0   0   0   0   0   0   0   0   0   0   0   0   0   0   0   0   0   
