0   0   0   0   0   0   0   0   0   0   0   0   0   0   0   0   0   0   0   0   0   0   0   0   0   0   0   0   0   0   0   0   0   0   0   0   0   0   0   0   0   0   0   0   0   0   0   0   0   0   0   0   0   0   0   0   0   0   0   0   0   0   0   0   0   0   0   0   0   0   0   0   0   0   0   0   0   0   0   0   
0   0   0   0   0   0   0   0   5910   6700   0   0   0   0   0   0   4655   5000   0   0   0   0   0   0   5400   5460   0   0   0   0   0   0   5760   6430   0   0   0   0   0   0   0   0   0   0   0   0   0   0   0   0   0   0   0   0   0   0   0   0   0   0   0   0   0   0   0   0   0   0   0   0   0   0   0   0   0   0   0   0   0   0   
0   0   0   0   0   0   0   0   0   0   7530   7190   0   0   0   0   0   0   5230   4800   0   0   0   0   0   0   7090   6230   0   0   0   0   0   0   7200   6570   0   0   0   0   0   0   0   0   0   0   0   0   0   0   0   0   0   0   0   0   0   0   0   0   0   0   0   0   0   0   0   0   0   0   0   0   0   0   0   0   0   0   0   0   
0   0   0   0   0   0   0   0   0   0   0   0   0   0   0   0   0   0   0   0   0   0   0   0   0   0   0   0   0   0   0   0   0   0   0   0   0   0   0   0   0   0   0   0   0   0   0   0   0   0   0   0   0   0   0   0   0   0   0   0   0   0   0   0   0   0   0   0   0   0   0   0   0   0   0   0   0   0   0   0   
0   0   0   0   0   0   0   0   0   0   0   0   0   0   0   0   0   0   0   0   0   0   0   0   0   0   0   0   0   0   0   0   0   0   0   0   0   0   0   0   0   0   0   0   0   0   0   0   0   0   0   0   0   0   0   0   0   0   0   0   0   0   0   0   0   0   0   0   0   0   0   0   0   0   0   0   0   0   0   0   
0   0   0   0   0   0   0   0   0   0   0   0   5450   5450   0   0   0   0   0   0   4760   5140   0   0   0   0   0   0   5790   6590   0   0   0   0   0   0   6400   7620   0   0   0   0   0   0   0   0   0   0   0   0   0   0   0   0   0   0   0   0   0   0   0   0   0   0   0   0   0   0   0   0   0   0   0   0   0   0   0   0   0   0   
0   0   0   0   0   0   0   0   0   0   0   0   0   0   6400   4960   0   0   0   0   0   0   4600   5130   0   0   0   0   0   0   8980   6110   0   0   0   0   0   0   8250   7220   0   0   0   0   0   0   0   0   0   0   0   0   0   0   0   0   0   0   0   0   0   0   0   0   0   0   0   0   0   0   0   0   0   0   0   0   0   0   0   0   
0   0   0   0   0   0   0   0   0   0   0   0   0   0   0   0   0   0   0   0   0   0   0   0   0   0   0   0   0   0   0   0   0   0   0   0   0   0   0   0   0   0   0   0   0   0   0   0   0   0   0   0   0   0   0   0   0   0   0   0   0   0   0   0   0   0   0   0   0   0   0   0   0   0   0   0   0   0   0   0   
0   591   0   0   0   0   0   0   0   173   507   605   935   147   165   150   150   156   384   158   189   156   177   72   441   153   532   369   184   180   411   186   331   156   150   171   168   179   174   153   206   144   163   162   167   816   165   144   153   141   1066   140   168   273   166   163   792   173   687   169   246   399   435   188   440   168   2843   475   158   519   287   125   0   0   0   0   0   0   0   0   
0   675   0   0   0   0   0   0   113   0   471   20   18   360   63   0   431   0   495   240   0   0   0   0   9   474   124   0   0   0   0   258   109   198   420   0   0   213   129   102   214   0   75   171   136   114   58   0   37   0   57   111   144   687   2   0   240   116   64   12   48   225   408   15   285   0   0   0   0   195   1239   0   0   0   0   0   0   0   0   0   
0   0   754   0   0   0   0   0   465   417   0   2779   369   599   312   408   255   245   620   650   299   1429   255   255   260   266   795   660   270   420   265   255   255   278   315   387   255   312   255   312   255   339   600   264   255   240   255   255   675   374   445   255   255   255   255   255   405   300   309   399   318   555   448   293   708   750   255   255   255   1020   378   672   0   0   0   0   0   0   0   0   
0   0   723   0   0   0   0   0   248   6   2459   0   30   600   12   1581   6   0   1874   0   0   45   0   60   18   461   1408   0   5   255   0   15   0   0   2695   190   0   315   0   0   0   0   2115   135   0   0   1002   31   0   0   2014   60   387   146   294   11   315   12   2241   315   188   21   39   42   636   4   900   36   0   75   0   0   0   0   0   0   0   0   0   0   
0   0   0   0   0   547   0   0   1889   90   246   150   0   90   90   90   1745   90   90   150   1953   1005   456   60   1690   90   95   312   417   411   1045   120   1661   237   295   201   221   150   90   219   1777   156   618   90   90   450   189   159   1607   90   555   90   90   90   135   150   1400   176   386   102   126   252   111   180   1173   102   510   207   90   93   90   75   0   0   0   0   0   0   0   0   
0   0   0   0   0   545   0   0   87   192   471   213   18   0   60   132   0   99   120   0   0   0   0   138   1502   0   0   0   0   120   0   45   0   0   469   30   0   435   0   0   0   0   0   60   0   0   0   0   0   144   405   207   0   402   3   6   0   60   765   450   42   1020   100   93   0   0   0   726   0   339   0   60   0   0   0   0   0   0   0   0   
0   0   0   0   0   0   835   0   105   99   231   60   18   81   0   0   0   159   315   60   0   99   0   0   7   277   255   45   0   2303   0   0   0   81   0   90   762   357   144   632   129   0   357   153   255   579   0   60   237   36   145   48   0   60   42   60   96   255   138   42   36   240   237   136   0   0   765   405   0   363   0   15   0   0   0   0   0   0   0   0   
0   0   0   0   0   0   500   0   90   0   486   1452   18   312   0   0   0   15   1032   1932   0   0   0   50   406   12   353   893   0   0   203   45   173   1561   405   1613   15   0   135   30   0   0   15   2380   16   0   99   0   0   0   0   1770   0   330   0   0   0   12   262   1431   24   105   18   27   105   0   0   1303   0   210   0   134   0   0   0   0   0   0   0   0   
0   466   0   0   0   0   0   0   90   962   51   30   731   0   0   0   0   1326   225   60   0   205   0   0   3   1203   345   255   0   105   303   0   0   1320   0   30   0   0   0   30   73   1238   315   20   0   0   0   60   0   1260   309   591   0   0   0   75   217   1416   144   271   72   243   48   159   69   1421   2574   0   0   345   0   90   0   0   0   0   0   0   0   0   
0   502   0   0   0   0   0   0   96   0   49   0   18   360   113   75   552   0   0   0   0   0   0   0   9   0   867   0   20   285   0   45   266   18   707   0   0   185   204   55   132   6   75   0   93   0   123   15   165   0   312   0   22   0   3   0   225   15   726   102   60   0   27   15   330   0   0   55   0   195   1906   15   0   0   0   0   0   0   0   0   
0   0   523   0   0   0   0   0   303   177   196   2010   18   84   288   843   81   0   0   91   209   975   116   240   7   9   138   78   87   180   0   0   0   9   89   18   126   82   18   42   0   27   360   10   0   120   0   5   0   136   195   0   0   0   0   20   0   84   271   12   36   0   160   60   255   399   927   0   0   0   0   317   0   0   0   0   0   0   0   0   
0   0   486   0   0   0   0   0   99   55   543   0   30   0   22   2025   12   0   110   0   0   0   0   540   6   578   0   0   0   270   0   405   0   0   0   0   0   315   0   0   0   0   0   0   0   0   105   758   0   0   270   0   0   504   0   289   0   30   276   669   24   156   3   48   0   68   15   129   0   0   0   12   0   0   0   0   0   0   0   0   
0   0   0   0   0   476   0   0   129   0   157   0   1782   0   0   0   0   0   270   0   0   0   506   288   12   0   180   0   1762   114   1225   195   0   0   172   264   2042   132   0   790   69   246   72   84   1940   375   54   150   36   90   0   0   1964   0   39   89   0   12   259   133   1881   225   48   22   39   24   423   12   1115   174   0   0   0   0   0   0   0   0   0   0   
0   0   0   0   0   514   0   0   96   0   2263   9   628   0   66   0   75   0   1634   0   0   0   0   0   2207   0   1281   0   10   0   0   0   0   0   2492   0   0   0   0   0   0   0   1358   0   0   0   0   645   0   12   1296   12   0   417   0   204   0   25   1312   12   42   222   592   24   0   0   861   9   386   246   189   0   0   0   0   0   0   0   0   0   
0   0   0   0   0   0   462   0   117   0   51   0   348   0   0   0   0   0   330   0   555   0   0   0   3   0   290   10   0   2208   0   0   0   0   0   0   0   711   18   686   24   3   27   264   39   282   0   0   0   220   48   123   12   0   0   563   87   342   96   36   24   255   159   589   57   0   0   114   0   393   0   0   0   0   0   0   0   0   0   0   
0   0   0   0   0   0   517   0   72   0   51   12   12   327   0   15   0   0   168   528   240   0   0   0   96   344   159   198   465   155   96   174   45   2150   405   0   105   0   39   102   0   0   15   624   0   0   141   0   0   0   0   0   0   0   0   0   0   6   183   122   0   0   27   195   115   0   0   0   0   180   0   813   0   0   0   0   0   0   0   0   
0   540   0   0   0   0   0   0   211   19   68   48   767   1404   25   601   15   30   25   18   45   2246   15   156   0   15   45   23   30   1949   294   36   35   15   15   30   678   1968   20   71   77   30   340   18   405   1758   30   36   35   30   90   465   337   1524   45   46   25   208   644   207   278   1371   35   201   133   96   3023   18   45   1281   15   83   0   0   0   0   0   0   0   0   
0   546   0   0   0   0   0   0   93   495   128   1150   18   0   159   60   544   0   45   1417   0   0   0   395   3   0   0   1147   30   300   0   270   0   297   0   1366   0   210   0   197   0   132   0   1356   427   133   0   94   9   0   279   1369   354   70   9   0   8   36   537   1375   60   0   3   45   0   0   30   1104   0   0   1658   0   0   0   0   0   0   0   0   0   
0   0   709   0   0   0   0   0   446   120   255   1523   19   0   221   822   129   885   315   0   131   627   109   318   15   0   0   113   60   31   0   105   0   0   39   33   24   10   24   363   9   24   0   24   0   125   0   0   0   124   100   0   405   0   0   0   0   21   274   36   545   130   212   15   0   0   1002   0   80   0   0   0   0   0   0   0   0   0   0   0   
0   0   627   0   0   0   0   0   180   0   594   0   267   0   39   994   95   0   129   0   0   0   2   514   8   791   176   0   0   0   0   420   0   330   0   0   0   0   0   0   0   90   19   0   0   0   99   438   420   69   21   0   0   284   406   105   159   39   183   42   332   15   128   24   12   0   90   0   1002   0   0   0   0   0   0   0   0   0   0   0   
0   0   0   0   0   579   0   0   126   0   54   1   378   0   0   0   0   9   270   0   1901   12   0   393   6   8   180   0   0   165   766   287   0   300   0   165   0   69   0   795   0   630   21   69   0   0   0   195   27   87   9   0   0   0   0   432   24   74   307   71   24   228   22   231   36   0   24   3   21   204   0   0   0   0   0   0   0   0   0   0   
0   0   0   0   0   663   0   0   120   0   204   216   516   42   2103   0   96   237   66   90   120   0   2099   63   2010   99   105   0   225   0   1376   44   0   0   948   0   15   0   2298   0   0   255   0   0   0   0   1884   675   0   924   0   9   0   9   2037   234   0   21   151   148   40   0   1619   429   9   0   0   0   105   330   2239   441   0   0   0   0   0   0   0   0   
0   0   0   0   0   0   1604   0   421   0   53   0   2029   0   0   440   394   0   0   0   2605   0   0   108   318   0   0   0   1545   1434   0   0   383   0   0   0   2121   24   459   564   2   9   63   6   1762   0   201   0   0   0   297   0   1616   0   0   450   177   600   299   12   1463   0   314   552   114   369   407   158   1110   0   105   60   0   0   0   0   0   0   0   0   
0   0   0   0   0   0   615   0   126   315   51   18   54   54   0   24   0   9   0   321   351   0   0   335   12   234   96   144   567   165   0   0   225   1705   48   0   105   66   165   48   87   0   0   496   417   33   177   0   0   0   0   9   311   0   0   0   0   102   305   117   36   0   3   195   51   495   30   0   0   0   0   886   0   0   0   0   0   0   0   0   
0   576   0   0   0   0   0   0   120   120   51   0   683   0   0   540   0   405   0   0   0   0   0   135   13   0   0   0   0   0   315   225   0   0   0   0   645   0   0   285   72   0   0   0   360   0   0   0   0   0   0   0   835   0   0   0   0   15   539   27   660   6   21   6   55   3   3219   15   0   0   0   0   0   0   0   0   0   0   0   0   
0   643   0   0   0   0   0   0   96   555   131   0   228   0   45   1457   550   15   45   0   0   0   0   2348   3   360   0   231   235   0   0   1748   0   0   169   129   100   0   0   1991   87   33   90   0   404   0   0   2122   93   6   27   0   355   0   0   1435   0   48   448   12   54   0   3   1572   33   0   30   0   585   0   1983   1611   0   0   0   0   0   0   0   0   
0   0   721   0   0   0   0   0   90   435   75   2422   243   1180   0   271   0   1029   325   0   210   2202   0   122   3   0   120   0   0   1476   0   135   0   220   0   0   12   1490   12   360   12   315   12   0   0   1302   0   0   0   113   0   0   435   1197   0   375   0   78   33   24   558   1269   173   105   18   0   21   573   75   1067   0   0   0   0   0   0   0   0   0   0   
0   0   657   0   0   0   0   0   111   0   138   165   294   36   78   1796   7   0   15   0   270   0   0   0   9   927   135   0   225   0   0   0   0   390   0   0   0   0   0   0   0   150   0   0   0   0   174   390   573   822   0   0   0   98   285   197   215   171   116   84   222   154   130   256   30   0   36   12   906   81   0   300   0   0   0   0   0   0   0   0   
0   0   0   0   0   642   0   0   108   0   51   0   393   0   735   55   0   0   105   0   2250   0   0   36   705   0   45   0   0   3   1222   24   255   300   60   0   0   3   147   0   0   495   390   0   251   0   0   0   71   45   184   0   0   0   0   420   61   375   466   12   48   0   75   195   138   120   72   0   129   0   12   90   0   0   0   0   0   0   0   0   
0   0   0   0   0   762   0   0   108   290   111   248   45   147   300   0   0   37   62   105   150   0   780   0   2157   52   2   0   225   0   45   105   0   0   640   0   15   0   60   0   0   225   0   0   345   0   150   0   0   930   107   21   176   42   0   7   0   82   192   32   54   0   106   645   23   330   60   0   0   285   27   609   0   0   0   0   0   0   0   0   
0   0   0   0   0   0   828   0   114   195   51   0   18   0   120   465   0   345   15   0   0   0   15   105   5   0   45   0   0   2410   495   225   0   0   60   0   405   42   0   1528   0   129   60   48   210   343   99   179   0   0   168   224   270   129   60   0   12   747   75   214   361   0   66   15   33   456   405   111   0   0   60   76   0   0   0   0   0   0   0   0   
0   0   0   0   0   0   723   0   93   315   111   0   162   0   1370   6   6   83   60   0   748   0   1586   345   27   285   262   0   284   0   1192   150   152   2157   113   0   0   0   2306   0   100   12   0   626   270   0   2108   15   0   0   0   0   270   0   1504   0   0   12   229   12   54   0   977   0   39   516   90   0   375   0   1720   97   0   0   0   0   0   0   0   0   
0   0   0   0   0   0   0   0   254   171   51   0   1022   0   120   0   163   405   0   0   120   0   45   0   154   0   45   0   0   0   0   240   162   210   60   0   0   0   0   315   0   255   60   0   0   0   195   0   199   0   60   0   225   861   630   60   188   101   60   702   430   348   48   111   273   64   2579   248   0   0   60   0   0   703   0   0   0   0   0   0   
0   0   0   0   0   0   0   0   86   0   171   0   228   0   0   0   515   15   60   0   330   0   15   0   9   375   45   225   639   216   45   0   0   150   243   60   165   81   120   60   138   0   102   39   72   0   60   360   81   207   0   42   16   0   75   15   0   15   456   72   79   0   573   255   48   0   60   0   600   0   2093   140   0   736   0   0   0   0   0   0   
0   0   0   0   0   0   0   0   103   30   300   2099   402   0   435   3   83   18   122   0   210   565   69   3   83   0   0   70   30   0   24   0   0   255   55   0   477   0   42   0   42   315   0   0   30   0   0   0   0   85   0   0   0   0   0   375   0   471   162   12   72   0   48   105   30   135   15   111   395   0   525   0   0   0   593   0   0   0   0   0   
0   0   0   0   0   0   0   0   102   330   71   67   18   12   165   3131   4   0   50   0   240   0   345   1423   6   565   45   0   225   0   30   1201   0   0   0   0   0   0   65   1469   0   150   0   0   255   0   45   1407   0   801   60   0   90   90   50   1350   63   239   72   34   60   63   75   1613   48   384   45   16   0   52   33   1735   0   0   636   0   0   0   0   0   
0   0   0   0   0   0   0   0   109   359   51   0   18   0   690   80   0   246   0   0   2015   0   45   0   323   565   0   0   0   0   975   489   125   296   0   0   468   234   189   87   0   170   21   51   0   126   0   0   0   209   24   53   175   0   0   0   0   630   172   82   247   0   180   0   60   323   57   0   12   0   90   90   0   0   0   0   0   558   0   0   
0   0   0   0   0   0   0   0   326   345   48   0   200   0   393   0   0   0   24   0   109   0   765   0   1821   240   25   0   0   0   0   105   0   0   558   0   0   0   365   0   0   0   0   0   375   0   225   0   0   0   90   0   249   0   12   6   0   15   180   12   164   0   143   0   595   300   10   0   315   0   429   0   0   0   0   0   0   573   0   0   
0   0   0   0   0   0   0   0   105   195   51   1007   153   0   0   135   0   375   0   141   120   0   0   177   8   0   0   135   0   2014   525   375   0   0   0   216   0   165   309   1387   204   27   0   9   0   165   0   207   84   0   0   189   360   75   444   0   0   120   163   99   462   0   3   10   15   18   24   102   0   0   0   0   0   0   0   0   0   0   1077   0   
0   0   0   0   0   0   0   0   84   0   51   30   75   0   12   0   12   75   1   765   271   569   0   0   12   300   0   365   249   232   0   0   0   2074   0   127   0   0   465   3   0   73   0   621   0   0   570   0   0   0   0   0   0   0   60   0   0   48   30   18   78   0   345   45   21   12   0   0   375   0   105   87   0   0   0   0   0   0   598   0   
0   0   0   0   0   0   0   0   93   60   175   0   989   0   285   0   0   150   0   0   120   0   0   0   11   45   0   375   60   0   0   0   0   255   0   590   180   0   0   0   77   265   0   0   0   0   225   0   0   0   0   0   0   216   1144   65   0   260   219   21   599   201   227   96   6   52   2508   12   243   0   255   0   0   676   0   0   0   0   0   0   
0   0   0   0   0   0   0   0   81   0   323   0   18   120   180   0   513   0   326   0   300   60   300   0   6   0   371   255   285   850   0   0   0   30   258   614   9   329   0   0   0   93   202   624   83   0   0   0   0   0   209   42   0   6   15   0   0   117   336   42   88   0   603   265   6   69   301   0   0   0   2071   160   0   718   0   0   0   0   0   0   
0   0   0   0   0   0   0   0   895   60   149   2045   185   150   405   0   304   114   58   96   0   536   90   0   25   99   495   95   30   0   361   0   0   60   0   0   486   150   189   0   12   0   0   75   60   75   0   0   0   84   0   795   0   60   0   0   0   447   109   120   218   45   3   0   36   165   0   0   423   393   510   5   0   0   873   0   0   0   0   0   
0   0   0   0   0   0   0   0   80   345   51   12   18   147   135   1951   555   0   0   0   0   60   375   0   455   723   0   0   0   45   0   45   0   0   0   0   0   30   270   0   0   60   0   0   255   0   270   0   0   60   714   0   90   84   0   0   222   60   530   492   213   0   168   3   103   495   0   360   70   45   96   3   0   0   807   0   0   0   0   0   
0   0   0   0   0   0   0   0   108   240   51   435   18   0   0   0   0   105   0   0   2134   0   30   0   262   294   441   0   0   0   922   468   855   155   168   0   0   105   315   93   72   30   0   18   75   159   312   0   0   0   0   21   0   60   240   0   0   50   273   12   279   45   3   12   21   39   12   375   9   45   0   0   0   0   0   0   0   652   0   0   
0   0   0   0   0   0   0   0   132   288   51   311   18   203   24   107   0   0   0   696   0   159   0   0   1665   240   0   623   0   45   0   0   0   0   518   228   0   60   345   0   905   0   0   210   0   0   225   0   255   30   12   192   12   0   147   0   5   78   33   391   142   0   433   0   99   696   0   260   315   45   111   238   0   0   0   0   0   733   0   0   
0   0   0   0   0   0   0   0   106   10   51   780   163   15   185   0   0   15   0   0   135   0   0   0   15   45   0   590   0   2167   0   0   0   0   0   300   0   0   12   642   516   25   0   25   0   60   522   47   696   4   0   0   168   142   0   19   340   351   184   32   133   73   33   20   0   30   50   124   0   75   345   0   0   0   0   0   0   0   733   0   
0   0   0   0   0   0   0   0   103   0   51   30   45   30   42   0   60   0   4   780   285   174   660   0   16   0   0   120   527   117   162   0   0   1542   130   153   150   35   0   0   12   3   95   761   0   25   0   0   14   0   0   0   0   0   60   0   330   78   125   12   30   0   318   55   630   42   0   0   0   0   105   84   0   0   0   0   0   0   609   0   
0   0   0   0   0   0   0   0   834   94   93   99   572   0   285   0   216   53   0   0   0   0   135   0   7   40   0   405   75   0   210   0   0   0   0   585   180   0   60   0   78   0   0   90   0   0   0   0   0   0   0   360   0   25   303   396   0   285   75   96   214   318   193   114   66   106   1987   237   88   183   255   0   0   642   0   0   0   0   0   0   
0   0   0   0   0   0   0   0   175   305   174   60   248   165   765   60   1095   75   225   90   60   85   930   30   388   105   75   120   200   105   771   270   75   135   210   480   372   220   711   60   230   75   714   695   312   75   315   135   239   204   561   84   140   114   232   114   165   0   752   477   150   85   312   60   225   123   510   480   212   60   2338   159   0   527   0   0   0   0   0   0   
0   0   0   0   0   0   0   0   1492   230   261   2798   764   798   420   718   465   1497   568   237   629   982   345   278   845   825   554   525   976   280   850   506   783   1180   165   365   1401   214   285   529   156   1173   369   270   450   510   475   150   621   476   340   1470   730   150   590   380   255   815   0   237   1212   525   153   345   250   261   750   660   485   856   435   159   0   0   854   0   0   0   0   0   
0   0   0   0   0   0   0   0   157   60   436   229   78   526   135   1675   745   168   60   669   360   60   120   326   519   915   120   135   270   400   60   315   135   60   90   240   60   110   600   60   1280   210   60   115   235   60   330   75   105   135   207   531   60   383   125   60   270   441   114   0   255   60   555   828   150   548   60   480   410   341   90   412   0   0   752   0   0   0   0   0   
0   0   0   0   0   0   0   0   248   96   150   489   78   78   60   24   129   84   60   24   2055   30   24   0   433   84   555   402   72   72   699   60   1119   114   309   303   48   66   288   60   291   184   172   132   236   205   483   108   861   168   247   174   227   135   350   42   319   186   562   99   0   78   111   33   44   84   42   438   57   30   287   0   0   0   0   0   0   607   0   0   
0   0   0   0   0   0   0   0   309   63   171   75   153   930   198   33   90   0   0   423   110   228   160   0   1555   0   28   3   78   0   0   0   30   0   566   270   0   0   0   0   915   0   0   240   0   0   0   0   360   0   24   0   24   0   124   0   264   25   186   12   42   0   414   0   420   150   312   0   0   0   90   54   0   0   0   0   0   735   0   0   
0   0   0   0   0   0   0   0   706   144   342   105   48   247   468   18   69   75   207   15   120   752   219   75   23   15   293   330   60   1941   531   15   60   15   239   360   75   255   84   464   39   564   39   171   221   291   15   291   570   237   15   414   15   547   90   117   558   430   47   369   93   339   0   55   240   379   60   278   138   330   360   39   0   0   0   0   0   0   1536   0   
0   0   0   0   0   0   0   0   164   63   112   36   180   117   183   36   330   63   72   39   62   45   741   214   281   63   63   21   204   420   202   74   30   1791   71   292   66   642   75   0   68   183   36   904   0   0   7   11   54   90   0   15   60   0   8   12   285   12   111   576   69   0   19   0   705   24   0   60   75   0   0   90   0   0   0   0   0   0   756   0   
0   0   0   0   0   0   0   0   894   127   342   520   499   0   0   68   195   91   54   0   45   0   165   39   289   0   0   33   78   33   276   54   243   63   66   54   138   78   126   21   168   63   63   111   123   711   63   21   30   30   30   360   30   120   0   666   84   84   73   48   30   399   258   270   0   48   1118   566   270   150   78   0   0   828   0   0   0   0   0   0   
0   0   0   0   0   0   0   0   108   0   501   20   78   0   0   0   1096   0   420   240   45   0   0   0   198   0   0   0   0   0   312   504   15   0   0   0   69   276   485   204   140   0   102   168   122   96   75   33   72   60   83   180   96   690   63   39   97   90   138   544   141   288   493   36   63   0   69   312   165   48   1730   0   0   860   0   0   0   0   0   0   
0   0   0   0   0   0   0   0   2438   0   51   1264   372   0   282   0   2327   0   789   75   156   429   0   0   2873   16   701   225   45   0   226   6   2939   8   30   105   60   27   119   19   2385   22   18   19   99   2   75   0   2534   120   0   0   60   0   215   0   1942   192   276   12   30   260   21   0   876   36   0   270   0   735   747   0   0   0   790   0   0   0   0   0   
0   0   0   0   0   0   0   0   215   0   51   108   204   698   313   1415   0   11   0   334   60   45   267   0   6   518   0   0   15   0   425   0   75   0   615   60   0   0   267   0   815   0   180   50   0   0   237   0   45   0   0   267   390   109   286   0   350   282   354   153   207   0   716   52   632   156   96   0   60   111   371   21   0   0   792   0   0   0   0   0   
0   0   0   0   0   0   0   0   98   0   51   0   18   0   0   0   0   0   0   0   1217   405   0   0   9   0   70   1321   30   150   985   0   0   537   21   528   120   0   0   235   0   210   450   0   60   93   0   116   735   0   465   27   45   75   0   0   240   88   171   137   42   0   462   90   250   171   0   57   0   12   208   0   0   0   0   0   0   692   0   0   
0   0   0   0   0   0   0   0   428   204   333   30   33   900   282   162   123   72   0   0   108   246   201   60   1399   0   0   0   88   186   0   0   0   0   492   270   0   375   0   0   0   0   0   240   0   0   0   0   0   0   408   54   39   54   45   0   303   12   642   297   42   0   131   0   435   12   732   195   60   0   0   0   0   0   0   0   0   687   0   0   
0   0   0   0   0   0   0   0   625   1114   216   0   18   0   0   0   0   1804   0   0   0   525   0   0   3   1567   0   0   0   2714   320   0   0   1886   0   0   60   60   57   729   57   1975   535   135   78   495   0   66   201   1738   201   365   0   78   154   30   84   1663   147   18   198   24   101   0   195   1603   735   396   68   0   0   0   0   0   0   0   0   0   727   0   
0   0   0   0   0   0   0   0   89   0   486   0   15   12   18   215   239   3   292   60   0   0   0   900   189   0   0   0   0   472   42   533   0   1809   0   165   18   755   94   229   0   32   1   733   18   0   0   198   0   32   1   15   0   315   0   205   0   61   51   502   0   95   27   208   0   0   0   60   0   0   0   0   0   0   0   0   0   0   499   0   
0   0   0   0   0   0   0   0   0   0   0   0   0   0   0   0   0   0   0   0   0   0   0   0   0   0   0   0   0   0   0   0   0   0   0   0   0   0   0   0   0   0   0   0   0   0   0   0   0   0   0   0   0   0   0   0   0   0   0   0   0   0   0   0   0   0   0   0   0   0   0   0   0   0   0   0   0   0   0   0   
0   0   0   0   0   0   0   0   0   0   0   0   0   0   0   0   0   0   0   0   0   0   0   0   0   0   0   0   0   0   0   0   0   0   0   0   0   0   0   0   6990   7300   0   0   0   0   0   0   6760   7130   0   0   0   0   0   0   6420   5270   0   0   0   0   0   0   8270   8590   0   0   0   0   0   0   0   0   0   0   0   0   0   0   
0   0   0   0   0   0   0   0   0   0   0   0   0   0   0   0   0   0   0   0   0   0   0   0   0   0   0   0   0   0   0   0   0   0   0   0   0   0   0   0   0   0   5860   6360   0   0   0   0   0   0   8720   8070   0   0   0   0   0   0   8540   7520   0   0   0   0   0   0   7900   7890   0   0   0   0   0   0   0   0   0   0   0   0   
0   0   0   0   0   0   0   0   0   0   0   0   0   0   0   0   0   0   0   0   0   0   0   0   0   0   0   0   0   0   0   0   0   0   0   0   0   0   0   0   0   0   0   0   0   0   0   0   0   0   0   0   0   0   0   0   0   0   0   0   0   0   0   0   0   0   0   0   0   0   0   0   0   0   0   0   0   0   0   0   
0   0   0   0   0   0   0   0   0   0   0   0   0   0   0   0   0   0   0   0   0   0   0   0   0   0   0   0   0   0   0   0   0   0   0   0   0   0   0   0   0   0   0   0   0   0   0   0   0   0   0   0   0   0   0   0   0   0   0   0   0   0   0   0   0   0   0   0   0   0   0   0   0   0   0   0   0   0   0   0   
0   0   0   0   0   0   0   0   0   0   0   0   0   0   0   0   0   0   0   0   0   0   0   0   0   0   0   0   0   0   0   0   0   0   0   0   0   0   0   0   0   0   0   0   5550   5730   0   0   0   0   0   0   6470   7330   0   0   0   0   0   0   6040   7350   0   0   0   0   0   0   6920   6870   0   0   0   0   0   0   0   0   0   0   
0   0   0   0   0   0   0   0   0   0   0   0   0   0   0   0   0   0   0   0   0   0   0   0   0   0   0   0   0   0   0   0   0   0   0   0   0   0   0   0   0   0   0   0   0   0   7060   5970   0   0   0   0   0   0   7320   6080   0   0   0   0   0   0   10270   7560   0   0   0   0   0   0   7270   4990   0   0   0   0   0   0   0   0   
0   0   0   0   0   0   0   0   0   0   0   0   0   0   0   0   0   0   0   0   0   0   0   0   0   0   0   0   0   0   0   0   0   0   0   0   0   0   0   0   0   0   0   0   0   0   0   0   0   0   0   0   0   0   0   0   0   0   0   0   0   0   0   0   0   0   0   0   0   0   0   0   0   0   0   0   0   0   0   0   
