0   0   0   0   0   0   0   0   0   0   0   0   0   0   0   0   0   0   0   0   0   0   0   0   0   0   0   0   0   0   0   0   0   0   0   0   0   0   0   0   0   0   0   0   0   0   0   0   0   0   0   0   0   0   0   0   0   0   0   0   0   0   0   0   0   0   0   0   0   0   0   0   0   0   0   0   0   0   0   0   
0   0   0   0   0   0   0   0   2320   3170   0   0   0   0   0   0   2970   2540   0   0   0   0   0   0   3500   2860   0   0   0   0   0   0   4300   4590   0   0   0   0   0   0   0   0   0   0   0   0   0   0   0   0   0   0   0   0   0   0   0   0   0   0   0   0   0   0   0   0   0   0   0   0   0   0   0   0   0   0   0   0   0   0   
0   0   0   0   0   0   0   0   0   0   2980   1940   0   0   0   0   0   0   2640   2740   0   0   0   0   0   0   3070   2660   0   0   0   0   0   0   3240   2680   0   0   0   0   0   0   0   0   0   0   0   0   0   0   0   0   0   0   0   0   0   0   0   0   0   0   0   0   0   0   0   0   0   0   0   0   0   0   0   0   0   0   0   0   
0   0   0   0   0   0   0   0   0   0   0   0   0   0   0   0   0   0   0   0   0   0   0   0   0   0   0   0   0   0   0   0   0   0   0   0   0   0   0   0   0   0   0   0   0   0   0   0   0   0   0   0   0   0   0   0   0   0   0   0   0   0   0   0   0   0   0   0   0   0   0   0   0   0   0   0   0   0   0   0   
0   0   0   0   0   0   0   0   0   0   0   0   0   0   0   0   0   0   0   0   0   0   0   0   0   0   0   0   0   0   0   0   0   0   0   0   0   0   0   0   0   0   0   0   0   0   0   0   0   0   0   0   0   0   0   0   0   0   0   0   0   0   0   0   0   0   0   0   0   0   0   0   0   0   0   0   0   0   0   0   
0   0   0   0   0   0   0   0   0   0   0   0   2440   2370   0   0   0   0   0   0   2540   2940   0   0   0   0   0   0   3060   2950   0   0   0   0   0   0   1790   1390   0   0   0   0   0   0   0   0   0   0   0   0   0   0   0   0   0   0   0   0   0   0   0   0   0   0   0   0   0   0   0   0   0   0   0   0   0   0   0   0   0   0   
0   0   0   0   0   0   0   0   0   0   0   0   0   0   5750   2760   0   0   0   0   0   0   2920   3060   0   0   0   0   0   0   5770   3390   0   0   0   0   0   0   1950   1800   0   0   0   0   0   0   0   0   0   0   0   0   0   0   0   0   0   0   0   0   0   0   0   0   0   0   0   0   0   0   0   0   0   0   0   0   0   0   0   0   
0   0   0   0   0   0   0   0   0   0   0   0   0   0   0   0   0   0   0   0   0   0   0   0   0   0   0   0   0   0   0   0   0   0   0   0   0   0   0   0   0   0   0   0   0   0   0   0   0   0   0   0   0   0   0   0   0   0   0   0   0   0   0   0   0   0   0   0   0   0   0   0   0   0   0   0   0   0   0   0   
0   232   0   0   0   0   0   0   0   4496   6489   3822   3139   1771   102   4447   1380   3715   4519   3635   1170   1645   416   211   250   3260   3381   2255   134   124   675   264   148   127   1507   358   122   2817   110   3294   487   1270   109   132   1891   2093   1055   2930   121   117   113   531   115   112   138   254   111   127   114   1284   2000   130   110   3077   130   106   120   116   122   1330   212   953   0   0   0   0   0   0   0   0   
0   319   0   0   0   0   0   0   6011   0   3295   967   893   777   1277   1207   698   946   1271   1159   624   511   511   362   318   909   832   784   257   249   282   360   286   290   602   386   236   648   228   783   367   403   237   341   763   613   556   956   288   231   260   497   243   253   275   446   268   247   214   501   668   224   239   4270   237   235   232   225   221   579   290   370   0   0   0   0   0   0   0   0   
0   0   298   0   0   0   0   0   10029   4733   0   4568   4669   4906   5063   4946   5052   4642   4788   4830   4632   4698   4728   5183   5073   4511   4613   4685   4806   5193   4955   5068   4977   4974   4810   4861   4979   4375   4985   4420   4767   4792   4934   5133   4907   4610   4582   4384   4787   4767   5017   4818   4811   4657   4923   4932   4818   4975   4885   4684   4456   4796   5855   8465   4744   4655   5013   4828   4679   4476   4549   4619   0   0   0   0   0   0   0   0   
0   0   194   0   0   0   0   0   4927   388   2380   0   116   113   68   308   107   272   235   230   150   167   161   197   201   257   169   103   111   117   108   136   123   30   109   33   65   116   24   180   69   36   47   138   215   139   856   155   52   37   77   193   30   65   71   221   25   27   49   108   70   44   25   3673   51   38   46   43   53   134   51   62   0   0   0   0   0   0   0   0   
0   0   0   0   0   244   0   0   3646   407   2534   137   0   60   88   357   43   168   280   182   136   54   107   227   144   196   132   146   54   59   740   135   74   83   98   40   24   120   43   159   69   42   37   72   174   109   80   134   45   26   60   177   12   73   54   200   42   47   15   79   48   25   31   2936   26   23   35   34   56   44   58   44   0   0   0   0   0   0   0   0   
0   0   0   0   0   237   0   0   2039   443   2345   212   104   0   258   382   17   87   264   267   32   78   37   122   79   94   143   124   30   32   33   115   3   77   70   15   17   154   18   90   5   52   4   21   71   59   44   51   12   9   32   95   15   21   42   121   12   12   17   42   40   5   29   1733   4   21   7   9   34   29   17   36   0   0   0   0   0   0   0   0   
0   0   0   0   0   0   575   0   92   1331   2441   186   209   553   0   380   55   1064   573   331   52   542   15   0   0   967   102   80   0   30   0   66   0   30   83   20   0   142   0   133   15   54   0   0   50   84   46   135   0   0   0   15   0   0   0   0   0   0   0   65   30   0   21   15   0   0   0   0   0   50   10   31   0   0   0   0   0   0   0   0   
0   0   0   0   0   0   276   0   5410   600   2787   358   302   281   193   0   157   273   406   417   130   78   156   251   168   348   198   157   181   79   167   111   123   73   133   58   56   296   98   103   93   96   53   185   110   173   1086   194   72   41   60   212   65   53   91   265   61   49   29   120   115   69   60   4238   30   33   57   47   52   88   48   42   0   0   0   0   0   0   0   0   
0   297   0   0   0   0   0   0   1681   417   2393   186   89   32   11   309   0   175   342   172   20   56   14   77   66   107   188   73   36   8   363   121   12   24   127   14   6   155   4   184   22   61   7   12   84   129   63   169   12   4   10   77   9   7   37   109   10   5   0   71   110   2   9   1207   4   7   6   15   4   72   20   24   0   0   0   0   0   0   0   0   
0   254   0   0   0   0   0   0   4738   468   2445   318   222   57   830   300   90   0   386   238   133   135   150   219   182   260   374   262   139   62   115   126   89   89   151   26   51   154   27   293   88   134   81   77   226   123   97   137   66   46   86   199   34   44   88   222   40   43   31   132   133   39   34   3352   40   32   70   43   55   137   43   39   0   0   0   0   0   0   0   0   
0   0   264   0   0   0   0   0   5805   707   2736   223   208   181   306   380   179   398   0   291   124   174   151   278   136   298   314   161   138   83   69   172   156   123   93   59   58   112   60   212   93   156   63   180   186   282   96   207   60   75   88   277   56   60   58   263   63   68   47   167   123   87   1097   4194   56   72   91   54   35   53   41   111   0   0   0   0   0   0   0   0   
0   0   276   0   0   0   0   0   4457   631   2559   237   163   173   175   373   103   260   307   0   55   117   34   264   202   250   350   202   139   78   91   151   100   73   58   40   35   185   53   222   29   113   46   134   196   175   959   178   32   44   80   197   29   64   69   222   39   56   32   123   256   58   43   3550   45   68   36   42   25   79   57   83   0   0   0   0   0   0   0   0   
0   0   0   0   0   254   0   0   1322   354   2105   296   184   47   12   197   6   125   238   95   0   36   13   81   56   205   184   140   34   12   110   110   34   32   86   30   2   154   2   124   4   75   8   18   50   164   44   112   16   8   2   62   0   14   40   87   6   2   0   73   54   6   2   1043   4   2   2   17   4   18   10   53   0   0   0   0   0   0   0   0   
0   0   0   0   0   294   0   0   2021   317   2247   237   70   70   387   175   36   156   191   177   30   0   53   92   50   194   265   114   46   8   28   84   73   48   121   6   2   114   14   127   15   68   8   10   98   156   31   166   24   14   6   75   16   0   24   90   10   8   6   75   102   4   16   1424   16   22   14   14   24   34   36   68   0   0   0   0   0   0   0   0   
0   0   0   0   0   0   294   0   436   372   2171   314   261   99   3   352   47   300   342   118   65   117   0   43   56   222   276   144   3   1   2   62   10   1   71   32   1   172   0   260   15   90   1   7   206   180   100   125   2   0   1   34   1   1   28   54   0   0   0   95   152   0   77   390   2   0   1   10   2   105   20   98   0   0   0   0   0   0   0   0   
0   0   0   0   0   0   306   0   663   1217   3302   911   848   520   0   1106   380   919   1135   1016   367   440   215   0   0   789   793   564   0   0   0   0   0   0   501   150   0   620   0   863   125   354   0   0   524   566   320   769   0   0   0   110   0   0   0   0   0   0   0   300   568   0   0   237   0   0   0   0   0   340   85   267   0   0   0   0   0   0   0   0   
0   350   0   0   0   0   0   0   507   471   2494   542   464   351   0   502   310   523   419   566   280   220   280   0   0   402   438   341   0   0   21   78   15   0   340   180   0   296   0   406   90   157   0   0   310   404   317   450   0   0   0   100   0   0   0   0   0   0   0   187   306   0   0   100   0   0   0   0   0   202   90   122   0   0   0   0   0   0   0   0   
0   286   0   0   0   0   0   0   4027   529   2400   332   269   140   663   385   108   280   413   350   158   179   144   179   120   0   388   226   90   36   76   120   132   80   220   95   27   195   16   208   102   130   40   84   264   267   125   189   20   52   47   189   35   70   74   208   36   40   55   138   165   19   42   2844   31   40   34   35   18   216   72   102   0   0   0   0   0   0   0   0   
0   0   307   0   0   0   0   0   4244   442   2419   242   181   106   26   250   107   367   471   332   96   254   133   171   165   359   0   208   80   48   73   141   104   42   131   37   62   184   39   233   57   75   43   86   259   260   123   195   28   48   10   158   24   66   75   224   49   25   32   99   208   36   650   3159   39   18   53   34   42   66   32   114   0   0   0   0   0   0   0   0   
0   0   266   0   0   0   0   0   2585   435   2339   231   245   137   18   289   109   412   275   276   168   129   66   133   85   241   270   0   74   33   77   70   122   45   155   59   22   196   40   237   40   75   39   52   227   217   658   212   18   24   27   134   20   7   48   147   20   27   29   92   164   21   19   2260   37   23   26   28   39   169   52   71   0   0   0   0   0   0   0   0   
0   0   0   0   0   308   0   0   124   175   2297   243   121   77   0   413   78   273   285   331   80   84   15   0   0   173   159   135   0   0   21   72   21   0   57   0   0   176   0   215   57   74   0   0   94   94   36   139   0   0   0   15   0   0   0   0   0   0   0   96   82   0   0   31   0   0   0   0   0   148   0   71   0   0   0   0   0   0   0   0   
0   0   0   0   0   295   0   0   132   225   2313   254   130   102   21   217   40   144   180   152   42   40   5   0   0   126   115   69   0   0   0   51   18   0   35   0   0   100   0   144   5   102   0   0   130   140   25   150   0   0   0   0   0   0   0   0   0   0   0   72   40   0   0   0   0   0   0   0   0   104   0   32   0   0   0   0   0   0   0   0   
0   0   0   0   0   0   602   0   881   317   2292   278   953   79   0   392   690   296   222   234   385   60   10   0   30   188   172   218   30   0   0   60   50   0   76   20   33   164   0   158   42   52   0   0   72   112   94   154   0   0   0   52   0   0   0   0   0   0   0   68   50   0   21   63   0   0   0   0   0   80   10   65   0   0   0   0   0   0   0   0   
0   0   0   0   0   0   339   0   401   373   2358   250   291   286   114   200   280   215   352   251   222   130   128   0   138   312   319   188   120   99   84   0   117   78   212   42   45   123   78   177   229   264   156   114   319   266   227   240   114   114   111   142   57   57   63   24   42   42   45   70   177   99   75   145   84   78   60   24   24   119   36   70   0   0   0   0   0   0   0   0   
0   430   0   0   0   0   0   0   157   270   2316   257   165   15   0   242   47   184   324   258   68   137   41   0   63   277   220   202   69   66   89   117   0   63   239   54   66   179   63   278   102   123   69   24   74   132   10   150   0   0   0   10   0   0   0   0   0   0   0   62   50   0   0   16   0   0   0   0   0   80   0   41   0   0   0   0   0   0   0   0   
0   459   0   0   0   0   0   0   114   300   2218   95   207   195   21   182   52   216   293   179   78   82   5   0   0   217   105   111   0   0   0   42   15   0   31   0   0   138   0   108   17   53   0   33   210   115   157   209   66   81   81   128   63   63   63   21   63   66   63   105   151   66   66   85   30   15   0   0   0   62   0   42   0   0   0   0   0   0   0   0   
0   0   324   0   0   0   0   0   1909   428   2439   313   234   191   21   364   254   395   264   227   133   172   74   118   78   274   295   293   30   12   22   90   132   8   0   13   8   211   9   364   62   123   3   19   179   197   81   244   15   9   10   123   12   11   34   126   8   4   18   122   101   3   343   1508   65   50   70   45   54   223   72   99   0   0   0   0   0   0   0   0   
0   0   269   0   0   0   0   0   429   258   2230   85   137   62   4   155   46   83   172   148   130   30   16   30   36   165   111   116   0   0   4   30   30   0   45   0   0   120   0   105   16   64   0   4   94   102   161   76   0   0   0   35   0   0   20   42   0   0   0   62   72   0   0   310   0   0   0   6   0   20   4   61   0   0   0   0   0   0   0   0   
0   0   0   0   0   179   0   0   115   181   2164   166   71   41   0   146   20   122   136   101   10   10   5   0   0   69   155   50   0   0   24   33   18   0   25   0   0   74   0   93   5   63   0   0   24   32   10   117   0   0   0   0   0   0   0   0   0   0   0   26   58   0   0   0   0   0   0   0   0   40   0   59   0   0   0   0   0   0   0   0   
0   0   0   0   0   139   0   0   3431   296   2244   104   95   105   74   262   106   143   131   181   88   86   74   130   98   174   144   107   98   34   90   71   103   64   87   26   32   0   26   68   69   23   30   106   82   80   74   138   38   30   42   151   34   48   70   150   40   22   46   101   38   34   40   2611   18   14   42   28   12   38   22   44   0   0   0   0   0   0   0   0   
0   0   0   0   0   0   195   0   97   156   2225   64   133   56   0   234   10   67   144   160   10   60   0   0   0   57   105   121   0   0   0   42   15   0   31   0   0   74   0   113   10   42   0   0   54   72   17   74   0   0   0   10   0   0   0   0   0   0   0   30   82   0   0   6   0   0   0   0   0   40   0   23   0   0   0   0   0   0   0   0   
0   0   0   0   0   0   180   0   3908   317   2208   199   153   37   41   91   128   227   199   165   97   135   123   198   118   149   145   158   101   54   63   67   189   32   128   27   33   63   39   0   88   20   44   51   221   117   102   103   39   31   96   160   30   37   69   232   34   31   42   77   51   26   31   3396   25   43   46   41   28   119   34   45   0   0   0   0   0   0   0   0   
0   0   0   0   0   0   0   0   533   251   2175   126   138   20   3   226   47   205   226   80   20   31   3   27   18   199   140   70   16   1   22   94   45   5   46   4   1   144   3   162   0   48   3   2   81   135   48   91   2   4   0   50   3   3   12   37   2   2   0   54   12   0   3   499   3   1   2   8   6   35   8   17   0   238   0   0   0   0   0   0   
0   0   0   0   0   0   0   0   1522   204   2234   77   64   60   21   145   37   142   190   131   58   54   45   103   57   150   100   53   30   43   17   106   41   25   58   24   25   44   13   43   22   0   30   27   76   56   35   75   11   13   16   59   15   15   22   86   11   10   19   29   65   18   5   1171   18   9   18   7   4   25   5   27   0   174   0   0   0   0   0   0   
0   0   0   0   0   0   0   0   83   171   2129   121   112   20   0   150   20   200   149   112   20   20   5   0   0   107   123   97   0   0   0   72   21   0   10   0   0   84   0   127   15   83   0   0   64   40   11   105   0   0   0   20   0   0   0   0   0   0   0   50   30   0   0   15   0   0   0   0   0   92   0   20   0   0   200   0   0   0   0   0   
0   0   0   0   0   0   0   0   154   445   2456   359   206   67   0   483   47   229   457   350   62   40   35   0   0   236   251   150   0   0   0   54   24   9   76   20   0   262   0   160   10   79   0   0   72   72   40   232   0   0   0   10   0   0   0   0   0   0   0   60   52   0   0   20   0   0   0   0   0   20   10   15   0   0   344   0   0   0   0   0   
0   0   0   0   0   0   0   0   2325   641   2589   420   364   96   14   276   76   397   431   389   42   160   92   142   92   343   381   260   54   66   26   155   42   104   101   28   8   160   18   465   39   147   24   20   0   324   69   190   16   38   22   101   14   22   24   124   16   8   24   170   262   4   12   1932   6   30   24   22   18   142   16   128   0   0   0   0   0   388   0   0   
0   0   0   0   0   0   0   0   2534   400   2384   258   240   169   28   324   146   254   409   338   186   168   104   132   172   325   288   308   42   58   38   112   62   47   177   34   10   134   22   254   89   92   14   20   302   0   143   175   44   26   30   129   40   30   48   126   16   18   34   111   174   6   30   2043   18   26   26   18   18   178   28   75   0   0   0   0   0   334   0   0   
0   0   0   0   0   0   0   0   1266   350   2196   1079   235   184   10   1321   202   268   267   1226   162   94   166   65   69   242   278   910   16   9   49   112   3   59   175   348   3   166   6   272   98   96   3   8   145   195   0   228   5   5   4   113   8   5   35   90   0   8   2   100   126   0   0   1290   6   7   1   16   2   163   56   82   0   0   0   0   0   0   584   0   
0   0   0   0   0   0   0   0   3407   388   2130   129   189   71   67   186   115   125   212   202   88   102   33   173   146   138   170   150   57   74   50   82   60   102   106   27   41   156   28   97   42   70   35   86   116   101   84   0   27   49   19   161   25   17   62   200   40   32   26   67   110   36   38   3026   17   30   12   35   20   53   41   106   0   0   0   0   0   0   197   0   
0   0   0   0   0   0   0   0   131   290   2263   135   121   35   0   191   35   161   141   85   52   74   10   0   0   54   83   57   0   0   0   54   0   18   43   0   0   96   0   104   10   33   0   0   46   112   21   83   0   0   0   0   0   0   0   0   0   0   0   67   72   0   0   20   0   0   0   0   0   20   0   21   0   238   0   0   0   0   0   0   
0   0   0   0   0   0   0   0   104   164   2162   111   75   21   0   112   15   115   182   115   20   42   0   0   0   127   116   66   0   0   0   54   0   21   35   0   0   92   0   92   10   35   0   0   96   80   20   129   0   0   0   5   0   0   0   0   0   0   0   33   92   0   0   15   0   0   0   0   0   60   0   16   0   191   0   0   0   0   0   0   
0   0   0   0   0   0   0   0   114   234   2288   201   162   103   0   182   40   206   201   184   10   30   5   0   0   123   41   75   0   0   0   39   0   21   37   0   0   106   0   228   0   48   0   0   62   84   15   51   0   0   0   0   0   0   0   0   0   0   0   48   50   0   0   10   0   0   0   0   0   20   0   38   0   0   236   0   0   0   0   0   
0   0   0   0   0   0   0   0   941   1036   2931   865   726   432   3   974   357   841   1139   871   290   351   98   22   22   732   693   526   3   0   12   66   2   78   346   103   0   605   2   744   105   249   6   2   436   468   270   697   0   1   0   0   0   2   10   31   0   3   2   256   443   0   2   523   1   1   0   4   1   294   64   231   0   0   252   0   0   0   0   0   
0   0   0   0   0   0   0   0   97   191   2210   93   35   43   0   154   25   88   138   73   0   50   5   0   0   101   59   44   0   0   0   33   0   15   41   0   0   84   0   86   10   36   0   0   44   100   21   75   0   0   0   0   0   0   0   0   0   0   0   20   10   0   0   0   0   0   0   0   0   30   0   15   0   0   0   0   0   187   0   0   
0   0   0   0   0   0   0   0   102   222   2141   164   202   54   0   141   30   129   170   156   50   0   5   0   0   168   175   20   0   0   0   33   0   15   27   0   0   118   0   106   11   42   0   0   62   82   15   65   0   0   0   10   0   0   0   0   0   0   0   51   94   0   0   40   0   0   0   0   0   42   0   35   0   0   0   0   0   226   0   0   
0   0   0   0   0   0   0   0   242   337   2343   249   222   185   0   306   175   290   224   238   190   120   140   0   0   282   268   198   0   0   0   39   0   15   165   100   0   234   0   244   56   84   0   0   112   176   165   234   0   0   0   50   0   0   0   0   0   0   0   60   154   0   0   66   0   0   0   0   0   160   50   87   0   0   0   0   0   0   212   0   
0   0   0   0   0   0   0   0   768   1249   3276   1018   898   585   0   1208   527   1010   1221   1012   435   440   270   0   0   919   952   699   0   0   0   24   0   21   542   210   0   694   0   991   171   368   0   0   546   574   450   880   0   0   0   155   0   0   0   0   0   0   0   331   510   0   0   247   0   0   0   0   0   410   115   295   0   0   0   0   0   0   294   0   
0   0   0   0   0   0   0   0   90   243   2213   67   109   35   0   149   30   96   158   99   20   32   0   0   0   86   123   56   0   0   0   30   0   15   25   0   0   96   0   103   5   27   0   0   44   42   0   104   0   0   0   0   0   0   0   0   0   0   0   38   60   0   0   11   0   0   0   0   0   10   0   25   0   203   0   0   0   0   0   0   
0   0   0   0   0   0   0   0   141   201   2144   77   128   41   0   129   15   108   170   142   10   30   0   0   0   101   71   74   0   0   0   30   0   18   20   0   0   64   0   82   5   31   0   0   20   50   26   90   0   0   0   10   0   0   0   0   0   0   0   21   56   0   0   27   0   0   0   0   0   0   0   25   0   192   0   0   0   0   0   0   
0   0   0   0   0   0   0   0   109   125   2163   134   46   47   0   85   0   96   126   81   0   22   0   0   0   157   77   80   0   0   0   33   0   15   52   0   0   94   0   124   0   46   0   0   80   86   10   70   0   0   0   6   0   0   0   0   0   0   0   50   114   0   0   0   0   0   0   0   0   20   0   11   0   0   197   0   0   0   0   0   
0   0   0   0   0   0   0   0   1483   330   2239   218   160   44   21   215   84   153   291   215   68   48   50   67   61   144   134   86   45   33   20   37   31   58   70   22   10   119   10   108   24   41   17   19   92   105   33   145   25   12   16   58   7   21   14   71   15   6   19   0   79   19   6   1198   17   19   11   17   12   105   14   33   0   0   252   0   0   0   0   0   
0   0   0   0   0   0   0   0   2452   306   2208   121   83   46   6   198   36   166   181   242   36   92   60   178   104   142   176   121   20   14   18   91   12   67   25   22   26   96   32   72   8   49   8   12   170   104   43   118   22   32   16   110   4   36   36   108   16   20   38   54   0   20   28   1964   32   14   10   6   16   34   12   38   0   0   0   0   0   202   0   0   
0   0   0   0   0   0   0   0   135   134   2172   129   59   15   0   182   10   106   219   140   12   10   0   0   0   54   111   54   0   0   0   51   0   18   10   0   0   96   0   67   0   48   0   0   20   22   0   102   0   0   0   0   0   0   0   0   0   0   0   52   62   0   0   0   0   0   0   0   0   10   0   25   0   0   0   0   0   179   0   0   
0   0   0   0   0   0   0   0   90   184   3289   84   85   83   30   145   25   91   1252   113   10   52   290   0   0   118   924   49   0   0   30   39   0   18   586   0   0   108   0   92   11   15   0   0   30   76   0   132   0   0   0   5   0   0   0   0   0   0   0   20   82   0   0   30   0   0   0   0   0   10   0   30   0   0   0   0   0   0   607   0   
0   0   0   0   0   0   0   0   3308   3976   5945   3695   3043   1878   3   4196   1368   3380   4150   3482   1147   1460   435   69   22   2805   3129   2278   28   0   28   69   4   56   1549   348   0   2558   3   3312   459   1176   5   4   1952   2152   1224   2958   7   5   4   420   0   10   15   54   4   9   0   1234   2023   0   9   0   4   10   4   14   4   1337   188   1001   0   0   0   0   0   0   240   0   
0   0   0   0   0   0   0   0   128   182   2156   149   74   20   0   72   15   102   146   116   20   52   10   0   0   101   103   113   0   0   0   48   0   6   95   0   0   52   0   88   15   53   0   0   12   44   26   45   0   0   0   5   0   0   0   0   0   0   0   46   92   0   0   16   0   0   0   0   0   52   0   25   0   193   0   0   0   0   0   0   
0   0   0   0   0   0   0   0   79   183   2145   104   68   58   0   84   25   92   191   165   10   72   0   0   0   112   45   66   0   0   0   42   0   3   22   0   0   42   0   115   5   22   0   0   82   86   22   82   0   0   0   5   0   0   0   0   0   0   0   50   50   0   0   31   0   0   0   0   0   20   0   25   0   208   0   0   0   0   0   0   
0   0   0   0   0   0   0   0   134   183   2172   120   103   26   0   166   20   169   227   109   10   32   5   0   0   96   137   66   0   0   0   36   0   0   37   0   0   108   0   134   6   49   0   0   80   62   5   46   0   0   0   0   0   0   0   0   0   0   0   31   30   0   0   15   0   0   0   0   0   20   0   16   0   0   200   0   0   0   0   0   
0   0   0   0   0   0   0   0   125   221   2166   156   122   45   0   150   70   142   164   159   65   70   50   0   0   109   104   99   0   0   0   24   0   0   69   30   0   94   0   129   36   26   0   0   74   72   70   117   0   0   0   20   0   0   0   0   0   0   0   48   30   0   0   42   0   0   0   0   0   70   15   30   0   0   184   0   0   0   0   0   
0   0   0   0   0   0   0   0   121   193   2043   128   141   105   0   137   10   137   101   73   20   60   10   0   0   62   116   94   0   0   0   24   0   0   31   0   0   40   0   88   22   11   0   0   44   52   10   53   0   0   0   5   0   0   0   0   0   0   0   37   42   0   0   16   0   0   0   0   0   42   0   10   0   0   0   0   0   183   0   0   
0   0   0   0   0   0   0   0   1468   367   2131   190   96   70   10   169   66   215   144   182   62   76   47   74   44   198   119   136   68   52   22   43   34   18   99   6   12   106   10   213   27   53   32   4   114   106   72   91   4   22   6   72   8   12   32   88   2   0   6   65   74   2   4   1341   14   6   6   14   12   0   18   54   0   0   0   0   0   193   0   0   
0   0   0   0   0   0   0   0   200   201   2035   158   188   66   2   157   77   120   128   181   50   124   28   17   18   162   115   158   0   0   2   17   0   0   101   20   0   92   0   128   35   16   0   2   72   74   83   125   0   0   0   32   0   0   10   23   0   0   0   47   52   0   0   183   0   0   0   3   0   72   0   25   0   0   0   0   0   0   186   0   
0   0   0   0   0   0   0   0   1052   249   2132   57   97   70   9   76   39   76   110   130   89   69   53   75   30   77   94   73   35   12   36   35   15   19   30   24   24   51   10   80   28   47   6   4   76   31   34   197   6   7   14   49   6   11   22   62   10   7   3   38   41   9   8   960   6   8   5   7   2   54   6   0   0   0   0   0   0   0   176   0   
0   0   0   0   0   0   0   0   0   0   0   0   0   0   0   0   0   0   0   0   0   0   0   0   0   0   0   0   0   0   0   0   0   0   0   0   0   0   0   0   0   0   0   0   0   0   0   0   0   0   0   0   0   0   0   0   0   0   0   0   0   0   0   0   0   0   0   0   0   0   0   0   0   0   0   0   0   0   0   0   
0   0   0   0   0   0   0   0   0   0   0   0   0   0   0   0   0   0   0   0   0   0   0   0   0   0   0   0   0   0   0   0   0   0   0   0   0   0   0   0   2380   1740   0   0   0   0   0   0   2380   1910   0   0   0   0   0   0   2030   1920   0   0   0   0   0   0   1930   2080   0   0   0   0   0   0   0   0   0   0   0   0   0   0   
0   0   0   0   0   0   0   0   0   0   0   0   0   0   0   0   0   0   0   0   0   0   0   0   0   0   0   0   0   0   0   0   0   0   0   0   0   0   0   0   0   0   2000   3440   0   0   0   0   0   0   2360   2520   0   0   0   0   0   0   1970   2520   0   0   0   0   0   0   2000   1840   0   0   0   0   0   0   0   0   0   0   0   0   
0   0   0   0   0   0   0   0   0   0   0   0   0   0   0   0   0   0   0   0   0   0   0   0   0   0   0   0   0   0   0   0   0   0   0   0   0   0   0   0   0   0   0   0   0   0   0   0   0   0   0   0   0   0   0   0   0   0   0   0   0   0   0   0   0   0   0   0   0   0   0   0   0   0   0   0   0   0   0   0   
0   0   0   0   0   0   0   0   0   0   0   0   0   0   0   0   0   0   0   0   0   0   0   0   0   0   0   0   0   0   0   0   0   0   0   0   0   0   0   0   0   0   0   0   0   0   0   0   0   0   0   0   0   0   0   0   0   0   0   0   0   0   0   0   0   0   0   0   0   0   0   0   0   0   0   0   0   0   0   0   
0   0   0   0   0   0   0   0   0   0   0   0   0   0   0   0   0   0   0   0   0   0   0   0   0   0   0   0   0   0   0   0   0   0   0   0   0   0   0   0   0   0   0   0   3880   3340   0   0   0   0   0   0   1870   2260   0   0   0   0   0   0   2020   1790   0   0   0   0   0   0   1830   1930   0   0   0   0   0   0   0   0   0   0   
0   0   0   0   0   0   0   0   0   0   0   0   0   0   0   0   0   0   0   0   0   0   0   0   0   0   0   0   0   0   0   0   0   0   0   0   0   0   0   0   0   0   0   0   0   0   5840   1970   0   0   0   0   0   0   2120   2940   0   0   0   0   0   0   5670   2400   0   0   0   0   0   0   1860   1760   0   0   0   0   0   0   0   0   
0   0   0   0   0   0   0   0   0   0   0   0   0   0   0   0   0   0   0   0   0   0   0   0   0   0   0   0   0   0   0   0   0   0   0   0   0   0   0   0   0   0   0   0   0   0   0   0   0   0   0   0   0   0   0   0   0   0   0   0   0   0   0   0   0   0   0   0   0   0   0   0   0   0   0   0   0   0   0   0   
