0   0   0   0   0   0   0   0   0   0   0   0   0   0   0   0   0   0   0   0   0   0   0   0   0   0   0   0   0   0   0   0   0   0   0   0   0   0   0   0   0   0   0   0   0   0   0   0   0   0   0   0   0   0   0   0   0   0   0   0   0   0   0   0   0   0   0   0   0   0   0   0   0   0   0   0   0   0   0   0   
0   0   0   0   0   0   0   0   2500   2330   0   0   0   0   0   0   4680   3990   0   0   0   0   0   0   2370   2980   0   0   0   0   0   0   2360   180   0   0   0   0   0   0   0   0   0   0   0   0   0   0   0   0   0   0   0   0   0   0   0   0   0   0   0   0   0   0   0   0   0   0   0   0   0   0   0   0   0   0   0   0   0   0   
0   0   0   0   0   0   0   0   0   0   2410   740   0   0   0   0   0   0   1960   830   0   0   0   0   0   0   2870   3090   0   0   0   0   0   0   1260   1540   0   0   0   0   0   0   0   0   0   0   0   0   0   0   0   0   0   0   0   0   0   0   0   0   0   0   0   0   0   0   0   0   0   0   0   0   0   0   0   0   0   0   0   0   
0   0   0   0   0   0   0   0   0   0   0   0   0   0   0   0   0   0   0   0   0   0   0   0   0   0   0   0   0   0   0   0   0   0   0   0   0   0   0   0   0   0   0   0   0   0   0   0   0   0   0   0   0   0   0   0   0   0   0   0   0   0   0   0   0   0   0   0   0   0   0   0   0   0   0   0   0   0   0   0   
0   0   0   0   0   0   0   0   0   0   0   0   0   0   0   0   0   0   0   0   0   0   0   0   0   0   0   0   0   0   0   0   0   0   0   0   0   0   0   0   0   0   0   0   0   0   0   0   0   0   0   0   0   0   0   0   0   0   0   0   0   0   0   0   0   0   0   0   0   0   0   0   0   0   0   0   0   0   0   0   
0   0   0   0   0   0   0   0   0   0   0   0   2450   3840   0   0   0   0   0   0   1880   1500   0   0   0   0   0   0   4370   2330   0   0   0   0   0   0   1880   1720   0   0   0   0   0   0   0   0   0   0   0   0   0   0   0   0   0   0   0   0   0   0   0   0   0   0   0   0   0   0   0   0   0   0   0   0   0   0   0   0   0   0   
0   0   0   0   0   0   0   0   0   0   0   0   0   0   6440   3710   0   0   0   0   0   0   1300   830   0   0   0   0   0   0   7380   2220   0   0   0   0   0   0   4890   4050   0   0   0   0   0   0   0   0   0   0   0   0   0   0   0   0   0   0   0   0   0   0   0   0   0   0   0   0   0   0   0   0   0   0   0   0   0   0   0   0   
0   0   0   0   0   0   0   0   0   0   0   0   0   0   0   0   0   0   0   0   0   0   0   0   0   0   0   0   0   0   0   0   0   0   0   0   0   0   0   0   0   0   0   0   0   0   0   0   0   0   0   0   0   0   0   0   0   0   0   0   0   0   0   0   0   0   0   0   0   0   0   0   0   0   0   0   0   0   0   0   
0   250   0   0   0   0   0   0   0   444   549   506   527   525   454   515   428   388   593   488   372   394   373   442   444   448   692   413   424   505   573   568   482   378   450   509   702   597   467   434   483   380   399   495   884   361   442   427   388   410   358   408   370   412   432   488   6097   544   409   975   409   695   412   479   478   465   596   414   412   441   368   460   0   0   0   0   0   0   0   0   
0   233   0   0   0   0   0   0   193   0   53   115   12   2   141   122   0   258   126   1   18   0   0   0   18   453   18   0   10   0   181   52   26   12   20   0   233   54   96   0   87   108   528   7   184   0   69   3   203   0   35   30   0   0   78   98   4725   580   39   65   2   0   32   104   218   6   41   0   75   235   44   75   0   0   0   0   0   0   0   0   
0   0   241   0   0   0   0   0   515   146   0   161   773   151   475   254   105   115   275   105   233   94   157   145   134   672   193   90   187   141   201   388   221   137   200   104   343   234   255   166   317   176   181   116   560   122   147   111   151   151   147   130   135   111   196   264   6222   687   149   151   100   105   298   239   419   157   159   159   244   203   130   212   0   0   0   0   0   0   0   0   
0   0   74   0   0   0   0   0   401   239   249   0   305   225   225   338   225   225   265   225   225   225   225   227   241   225   225   225   227   225   331   225   372   247   235   225   444   330   324   225   295   273   303   225   386   225   376   225   249   225   265   255   225   225   231   321   6347   507   255   225   245   225   234   314   454   225   264   225   327   225   225   225   0   0   0   0   0   0   0   0   
0   0   0   0   0   245   0   0   285   4   605   66   0   40   109   132   32   12   742   30   136   0   75   42   134   65   117   150   30   0   339   0   113   12   105   110   317   134   49   0   679   186   401   577   318   322   429   269   346   590   56   259   144   179   262   239   7083   986   173   412   126   372   338   286   558   453   324   568   647   408   400   216   0   0   0   0   0   0   0   0   
0   0   0   0   0   384   0   0   266   6   44   45   46   0   207   132   22   281   220   0   29   21   44   0   106   71   68   0   116   0   80   12   44   12   708   0   243   123   133   29   514   48   106   354   259   0   16   283   139   0   48   30   0   0   55   150   6315   1052   70   0   36   28   676   122   422   32   239   15   131   6   30   0   0   0   0   0   0   0   0   0   
0   0   0   0   0   0   664   0   247   355   553   45   386   605   0   362   334   268   339   46   172   320   112   324   216   666   315   0   223   360   447   326   438   462   377   462   315   361   403   8   473   48   272   160   581   121   344   758   251   225   90   30   721   210   338   606   6559   986   317   17   90   155   317   117   601   433   182   32   505   657   536   16   0   0   0   0   0   0   0   0   
0   0   0   0   0   0   371   0   731   610   652   610   660   660   787   0   610   550   642   560   584   595   579   615   635   676   660   485   637   585   1046   678   635   549   660   635   841   1356   747   545   708   513   1071   610   726   560   724   544   635   637   419   475   505   635   671   614   4811   784   572   600   580   615   831   673   726   660   628   505   614   660   595   535   0   0   0   0   0   0   0   0   
0   468   0   0   0   0   0   0   250   0   21   45   8   26   154   122   0   62   230   70   425   4   114   100   104   341   27   480   176   0   277   40   821   12   71   88   266   161   130   0   580   210   425   893   634   217   288   206   307   340   141   131   133   182   653   348   5903   935   315   318   453   180   378   200   540   746   729   367   363   339   459   346   0   0   0   0   0   0   0   0   
0   399   0   0   0   0   0   0   165   379   25   45   23   207   120   182   62   0   71   0   0   9   543   0   24   20   387   15   14   0   113   6   114   12   116   0   158   106   103   0   79   48   6   190   125   65   0   10   2   0   24   30   0   0   18   96   5275   346   0   0   2   7   56   108   165   0   34   0   71   0   0   0   0   0   0   0   0   0   0   0   
0   0   196   0   0   0   0   0   385   273   330   147   1069   439   564   276   473   89   0   367   215   177   162   346   414   420   92   406   230   102   338   261   34   340   407   623   611   316   416   112   432   70   82   327   149   53   25   0   40   155   66   30   44   10   16   96   5533   400   35   60   55   36   246   105   200   15   177   0   148   80   50   10   0   0   0   0   0   0   0   0   
0   0   83   0   0   0   0   0   209   5   21   45   12   0   34   112   36   0   166   0   80   0   32   0   0   0   71   0   431   56   59   0   80   12   2   25   146   195   134   0   111   48   36   2   250   0   143   0   48   0   24   30   0   0   20   96   5943   666   86   0   92   0   21   90   355   0   84   0   352   415   6   0   0   0   0   0   0   0   0   0   
0   0   0   0   0   188   0   0   177   22   153   45   81   45   172   148   563   0   132   106   0   0   8   240   32   110   71   0   35   0   666   21   72   50   88   550   336   208   132   66   96   63   43   20   178   15   234   0   25   35   46   30   295   41   17   126   6102   195   82   10   48   39   38   125   237   0   111   0   70   90   15   0   0   0   0   0   0   0   0   0   
0   0   0   0   0   150   0   0   174   0   38   45   0   5   104   119   12   13   308   0   0   0   4   0   149   0   24   0   82   0   73   0   19   12   8   483   94   117   14   0   56   48   38   93   102   0   0   0   15   0   55   37   0   0   6   244   6324   203   3   0   26   0   21   96   173   0   12   0   4   0   0   0   0   0   0   0   0   0   0   0   
0   0   0   0   0   0   130   0   157   0   66   45   75   76   120   149   66   279   62   64   32   20   0   36   18   32   0   0   36   30   76   32   21   70   2   72   172   160   493   0   76   102   50   78   128   45   50   85   41   124   46   152   0   30   98   93   6454   381   14   45   78   100   103   98   292   113   39   20   48   87   186   52   0   0   0   0   0   0   0   0   
0   0   0   0   0   0   83   0   202   0   45   55   16   0   142   123   40   0   150   0   242   0   20   0   0   12   0   0   72   0   70   0   114   12   45   6   60   160   22   59   103   48   374   49   194   0   238   14   55   0   66   30   0   16   22   84   4082   387   264   26   4   409   48   149   392   0   33   0   90   4   26   0   0   0   0   0   0   0   0   0   
0   237   0   0   0   0   0   0   234   35   42   65   121   89   64   127   72   60   247   0   22   126   12   0   0   102   71   365   58   19   228   91   85   12   16   0   247   191   147   0   111   48   150   76   492   0   64   72   75   26   284   30   30   325   40   102   5117   367   54   0   21   110   77   98   435   61   415   0   681   0   60   0   0   0   0   0   0   0   0   0   
0   298   0   0   0   0   0   0   222   279   647   45   40   51   256   148   288   33   181   0   132   0   22   10   106   0   15   130   260   255   61   28   94   24   22   32   207   116   110   12   64   48   247   61   289   0   36   16   28   0   24   32   0   12   9   135   5217   280   128   0   158   11   51   137   499   495   127   0   95   28   505   0   0   0   0   0   0   0   0   0   
0   0   287   0   0   0   0   0   439   11   93   45   91   60   63   132   14   204   36   140   51   34   0   0   74   23   0   0   70   0   92   44   58   92   20   13   299   119   42   0   211   60   96   23   239   70   260   21   63   115   39   58   0   24   35   904   5574   604   48   67   799   94   243   119   264   195   53   50   231   6   40   40   0   0   0   0   0   0   0   0   
0   0   309   0   0   0   0   0   161   0   18   45   128   0   0   97   286   3   180   0   0   0   0   0   259   28   0   0   82   0   40   0   0   12   0   0   184   142   185   0   68   48   38   14   187   480   156   0   48   10   519   30   0   320   18   111   5892   216   72   0   102   0   61   103   341   10   30   0   0   0   304   0   0   0   0   0   0   0   0   0   
0   0   0   0   0   437   0   0   185   26   137   55   38   155   179   161   168   16   126   597   125   100   54   136   114   226   79   104   0   30   341   69   304   114   74   632   877   109   216   3   876   48   698   57   168   58   26   88   166   30   128   30   0   0   6   96   6025   406   28   0   70   32   89   91   231   0   60   30   162   0   47   32   0   0   0   0   0   0   0   0   
0   0   0   0   0   233   0   0   291   0   44   45   0   0   130   117   0   0   40   174   0   0   12   0   10   500   0   0   12   0   586   0   38   12   39   15   148   144   23   75   56   48   6   0   109   0   17   69   2   0   40   30   0   0   13   105   4371   235   28   0   32   8   14   107   184   6   38   191   108   0   0   0   0   0   0   0   0   0   0   0   
0   0   0   0   0   0   1063   0   459   221   159   175   534   108   230   679   537   116   225   94   1079   131   115   116   416   68   106   92   491   361   0   260   545   94   658   150   480   187   1015   92   125   73   62   105   232   6   6   309   56   26   48   232   22   24   95   252   6436   393   70   48   163   51   369   112   577   127   325   22   100   12   11   119   0   0   0   0   0   0   0   0   
0   0   0   0   0   0   222   0   268   22   530   45   0   4   93   147   16   2   137   0   29   0   20   0   64   20   29   0   64   0   193   0   14   12   46   0   118   175   98   0   55   48   21   6   231   285   246   8   16   0   58   36   284   0   578   134   6266   777   40   0   23   0   365   96   312   33   32   0   581   0   12   0   0   0   0   0   0   0   0   0   
0   236   0   0   0   0   0   0   274   36   182   320   167   103   334   127   673   158   46   166   119   45   85   268   81   122   83   0   444   79   426   32   0   52   343   290   241   198   378   0   623   239   786   984   345   345   863   508   342   1222   32   180   390   365   414   254   5687   1393   235   629   365   671   672   395   566   764   514   152   431   697   552   291   0   0   0   0   0   0   0   0   
0   18   0   0   0   0   0   0   222   60   105   107   60   60   170   177   60   60   188   60   74   60   86   60   60   64   124   60   142   60   100   60   84   0   60   60   383   168   124   60   117   314   135   60   205   60   60   70   88   60   84   90   60   60   69   166   5029   402   112   60   92   60   129   175   540   60   108   60   90   249   96   60   0   0   0   0   0   0   0   0   
0   0   126   0   0   0   0   0   207   50   91   70   126   423   105   132   48   120   259   10   56   32   5   75   20   46   50   0   69   68   600   111   325   12   0   67   284   209   121   83   132   48   6   67   250   0   25   38   0   44   100   30   44   29   16   149   5543   573   139   0   32   120   177   122   469   6   49   257   181   40   94   382   0   0   0   0   0   0   0   0   
0   0   154   0   0   0   0   0   249   0   32   45   102   0   226   127   56   0   292   5   390   161   54   30   0   35   20   0   450   13   99   0   128   12   43   0   165   493   237   16   213   48   73   12   419   0   252   12   38   0   24   30   14   71   426   124   5291   742   149   0   457   28   55   107   649   50   116   5   152   0   29   30   0   0   0   0   0   0   0   0   
0   0   0   0   0   188   0   0   677   400   456   324   475   393   470   413   459   322   581   239   475   130   198   100   393   313   381   236   805   249   439   208   416   549   503   255   0   326   363   92   490   456   335   159   563   246   271   312   382   224   278   161   168   124   647   175   5987   430   250   166   235   274   263   254   611   248   290   212   188   173   163   118   0   0   0   0   0   0   0   0   
0   0   0   0   0   172   0   0   500   214   326   339   308   323   374   787   358   310   468   378   409   310   334   432   425   330   321   314   325   361   360   320   377   324   356   494   408   0   348   210   289   258   255   226   377   210   228   270   245   210   263   268   218   210   291   290   6670   705   252   210   214   210   239   313   471   210   257   210   285   210   210   210   0   0   0   0   0   0   0   0   
0   0   0   0   0   0   489   0   269   122   187   179   55   161   241   243   104   88   227   144   136   62   485   38   149   117   75   245   201   48   1082   137   302   96   174   318   345   197   0   196   288   464   197   647   479   117   164   269   295   173   129   231   101   99   128   230   6553   651   62   0   35   30   183   805   449   0   63   27   716   58   12   30   0   0   0   0   0   0   0   0   
0   0   0   0   0   0   405   0   159   0   52   45   0   31   8   109   0   0   44   0   64   0   0   69   0   60   0   0   7   218   79   0   0   12   33   16   78   42   162   0   48   48   21   30   118   0   381   20   20   12   203   30   32   514   6   237   6338   387   631   183   102   111   127   286   298   141   327   169   116   119   90   210   0   0   0   0   0   0   0   0   
0   0   0   0   0   0   0   0   437   283   449   334   985   738   464   372   617   293   634   342   309   260   266   351   265   272   416   274   847   260   334   237   557   247   353   625   511   353   540   240   0   273   494   800   603   397   315   276   967   259   346   285   308   324   395   321   4848   670   607   276   255   305   270   355   414   441   295   250   278   250   251   261   0   455   0   0   0   0   0   0   
0   0   0   0   0   0   0   0   364   252   280   285   292   240   240   333   295   240   256   240   246   240   283   240   240   240   300   240   240   240   258   240   318   732   240   240   442   282   844   240   285   0   250   255   337   240   243   240   240   240   344   270   240   351   292   336   4279   317   250   240   240   240   243   336   324   374   264   240   240   240   240   240   0   271   0   0   0   0   0   0   
0   0   0   0   0   0   0   0   287   300   166   127   170   250   235   373   280   30   86   116   75   68   118   598   248   298   165   96   933   30   148   45   331   209   30   170   301   154   306   41   298   90   0   128   314   75   284   62   144   132   288   72   47   90   191   385   4864   688   99   220   116   134   79   144   244   144   102   42   62   122   182   30   0   0   327   0   0   0   0   0   
0   0   0   0   0   0   0   0   217   6   36   45   268   520   80   122   506   40   593   10   10   207   53   59   76   67   14   70   31   0   124   18   390   12   69   4   105   56   961   11   404   56   52   0   535   0   4   0   22   0   290   30   4   27   37   116   4929   690   36   0   0   9   9   91   200   23   146   0   0   9   190   0   0   0   413   0   0   0   0   0   
0   0   0   0   0   0   0   0   1053   474   687   416   670   632   1059   355   803   332   378   596   399   266   334   470   672   681   467   477   416   287   462   529   634   391   596   1005   833   476   907   308   699   301   594   924   0   332   467   418   487   719   193   188   291   320   553   421   5708   775   313   549   430   537   384   309   515   863   945   291   373   440   379   384   0   0   0   0   0   178   0   0   
0   0   0   0   0   0   0   0   153   0   31   45   146   0   37   112   80   23   20   0   6   0   44   0   0   0   40   161   123   0   2   152   124   12   0   0   129   42   75   0   188   48   25   0   127   0   0   0   8   0   120   30   0   10   43   93   5768   158   81   0   0   0   3   105   142   2   86   0   3   0   0   6   0   0   0   0   0   28   0   0   
0   0   0   0   0   0   0   0   258   29   65   335   273   16   124   369   228   0   29   281   198   0   20   367   108   90   396   267   31   47   2   413   519   12   33   509   243   72   155   198   146   63   230   12   222   0   0   295   33   12   229   30   0   274   215   93   5680   556   278   10   0   15   3   104   435   35   174   13   77   55   358   47   0   0   0   0   0   0   505   0   
0   0   0   0   0   0   0   0   175   7   43   45   133   538   403   128   71   2   0   0   0   0   27   12   80   16   27   0   42   115   480   20   218   46   30   4   258   94   266   4   71   48   38   0   160   0   170   0   0   2   154   30   0   36   38   93   6213   243   16   75   0   0   53   89   148   0   91   0   64   0   0   0   0   0   0   0   0   0   201   0   
0   0   0   0   0   0   0   0   175   223   66   91   225   253   100   127   128   6   48   26   37   45   67   93   55   58   60   72   110   6   42   12   155   82   0   28   272   118   255   27   680   48   70   32   226   20   39   0   0   90   162   30   78   4   440   96   4628   393   0   0   17   54   3   111   198   128   274   0   29   20   80   0   0   76   0   0   0   0   0   0   
0   0   0   0   0   0   0   0   210   0   65   45   224   0   57   137   127   0   67   0   16   0   86   0   20   0   54   12   12   0   77   0   638   12   34   0   126   42   121   4   61   48   46   0   289   0   4   10   44   0   215   30   0   0   70   113   4340   605   74   0   66   204   141   97   251   194   150   0   180   0   28   0   0   31   0   0   0   0   0   0   
0   0   0   0   0   0   0   0   203   62   89   133   98   90   123   115   83   36   73   36   49   73   58   110   397   36   42   150   103   68   48   114   53   60   153   48   260   145   105   356   227   182   452   435   146   180   339   268   175   330   0   118   250   274   270   206   6506   438   179   220   299   290   209   193   283   302   189   41   221   395   284   656   0   0   513   0   0   0   0   0   
0   0   0   0   0   0   0   0   276   150   170   195   308   150   150   239   189   150   150   150   150   157   447   150   150   156   175   150   150   150   321   164   200   162   150   150   245   212   310   150   204   198   160   150   209   150   150   150   150   150   202   0   386   153   189   246   4759   260   150   150   150   630   159   233   251   150   699   150   150   150   166   165   0   0   284   0   0   0   0   0   
0   0   0   0   0   0   0   0   158   0   49   45   48   0   428   101   46   0   26   0   180   0   0   0   30   0   0   0   0   0   22   380   143   12   18   15   133   52   67   30   83   48   16   20   109   0   0   0   62   0   185   510   0   0   110   113   5859   133   90   5   0   162   9   81   102   12   36   10   108   70   0   60   0   0   0   0   0   251   0   0   
0   0   0   0   0   0   0   0   198   0   23   45   85   0   42   127   88   0   3   0   35   0   36   16   309   4   14   220   0   0   28   0   145   12   9   37   88   42   63   216   108   528   68   29   126   17   559   72   12   0   254   45   0   0   20   100   5328   165   1   0   16   19   9   106   128   541   57   0   0   10   20   0   0   0   0   0   0   290   0   0   
0   0   0   0   0   0   0   0   255   109   123   75   158   82   112   163   528   58   50   41   49   30   110   50   73   45   47   34   30   40   125   911   272   57   44   287   874   102   110   30   268   141   208   75   331   76   228   76   634   117   244   93   156   42   0   212   5916   422   153   88   83   45   184   263   204   783   432   166   111   155   120   81   0   0   0   0   0   0   528   0   
0   0   0   0   0   0   0   0   236   106   174   138   159   156   901   198   196   96   96   96   132   573   81   84   118   159   873   99   96   108   252   232   158   142   148   116   169   142   206   165   141   144   272   100   244   81   93   93   96   127   182   126   85   108   180   0   5732   395   96   96   93   100   105   168   195   101   146   81   84   82   93   81   0   0   0   0   0   0   384   0   
0   0   0   0   0   0   0   0   10400   8542   10833   10634   11071   10792   10726   7414   9652   9101   9667   9891   10573   10840   10798   6638   8767   8737   9686   10151   10404   7346   10697   10632   8683   8728   9381   9115   9933   10775   10676   11034   7710   6945   7844   8164   8837   9724   9433   10458   7572   7208   9508   8108   9505   8995   9328   9616   0   8303   7087   7937   8212   8284   9072   9474   8074   7407   8154   8022   8789   9379   9395   9735   0   382   0   0   0   0   0   0   
0   0   0   0   0   0   0   0   396   684   597   446   750   861   932   384   938   362   488   885   251   263   407   435   421   320   704   264   406   383   421   835   1002   354   615   782   386   589   658   423   486   161   660   782   452   234   660   299   409   569   352   204   209   227   416   519   5132   0   387   401   234   465   354   294   350   951   707   277   363   451   360   405   0   91   0   0   0   0   0   0   
0   0   0   0   0   0   0   0   227   44   81   73   106   62   200   122   171   0   29   98   80   11   12   440   50   129   50   62   26   46   65   40   90   56   171   153   172   88   62   337   576   60   62   38   128   35   290   16   0   82   149   30   98   5   112   96   4296   407   0   36   39   153   10   96   203   316   72   16   180   28   30   30   0   0   233   0   0   0   0   0   
0   0   0   0   0   0   0   0   468   13   52   45   243   0   17   120   125   0   24   0   4   0   42   130   0   0   41   0   0   0   31   0   260   12   0   0   102   42   0   159   63   48   146   0   212   0   8   15   0   0   146   30   1   0   46   96   4718   341   32   0   0   0   9   104   449   3   96   0   29   0   42   0   0   0   26   0   0   0   0   0   
0   0   0   0   0   0   0   0   213   6   20   97   42   65   121   116   298   6   37   151   36   52   52   10   53   202   565   150   66   72   161   28   180   52   32   530   186   62   78   66   54   48   68   0   185   0   0   0   17   42   270   30   0   20   31   93   4900   174   42   0   0   15   14   91   145   131   57   56   34   0   34   5   0   0   0   0   0   88   0   0   
0   0   0   0   0   0   0   0   424   0   21   45   134   20   69   123   82   8   18   0   33   0   56   145   70   3   62   0   22   20   34   0   254   12   86   20   138   42   14   68   93   48   48   37   232   0   27   0   67   438   188   221   154   11   23   100   5093   445   153   0   10   0   64   109   223   19   595   0   120   0   0   0   0   0   0   0   0   170   0   0   
0   0   0   0   0   0   0   0   224   56   362   75   294   564   546   440   202   82   404   60   76   60   257   70   158   128   432   122   105   47   521   221   600   164   363   138   337   73   244   115   75   63   47   30   175   15   15   74   15   305   170   60   20   37   94   126   5474   298   22   30   24   86   0   131   137   15   148   30   45   55   47   30   0   0   0   0   0   0   668   0   
0   0   0   0   0   0   0   0   558   420   506   465   497   420   435   522   474   425   425   420   439   407   405   451   420   438   430   448   420   425   420   420   614   457   460   450   524   452   735   585   470   453   415   425   491   410   405   420   406   390   478   435   390   415   523   498   5960   546   395   450   406   421   424   0   512   425   460   425   450   895   405   396   0   0   0   0   0   0   199   0   
0   0   0   0   0   0   0   0   577   618   801   703   1008   1042   1432   575   1161   502   506   950   632   525   748   956   1021   1230   671   936   631   551   1026   795   745   1073   1060   1661   1198   777   1160   597   538   338   484   562   518   373   579   405   540   677   383   340   310   378   431   411   5226   587   394   1009   399   605   369   398   0   1211   599   438   400   460   380   385   0   420   0   0   0   0   0   0   
0   0   0   0   0   0   0   0   243   2   54   45   241   32   139   132   319   0   6   0   0   0   99   0   62   250   173   12   0   18   102   24   350   12   7   43   139   42   0   88   146   237   89   10   379   6   30   0   97   504   170   30   8   349   813   97   4628   987   440   15   78   12   3   116   749   0   101   0   0   19   22   0   0   295   0   0   0   0   0   0   
0   0   0   0   0   0   0   0   367   112   123   146   269   336   186   167   691   95   194   173   142   48   80   78   662   197   126   75   100   120   337   100   370   87   81   249   253   143   151   634   140   104   114   181   912   89   228   124   409   167   185   342   60   97   410   166   5096   669   98   99   101   492   133   191   310   97   0   80   170   97   155   128   0   0   438   0   0   0   0   0   
0   0   0   0   0   0   0   0   153   0   60   45   200   3   21   101   136   0   0   0   0   0   16   0   0   0   28   0   6   480   19   0   55   12   510   1   132   42   60   161   55   48   10   0   122   0   14   0   0   0   25   30   3   0   129   93   4834   289   16   0   63   0   10   98   144   0   47   0   203   19   17   0   0   0   226   0   0   0   0   0   
0   0   0   0   0   0   0   0   232   174   203   208   562   205   365   134   184   159   270   587   128   16   84   109   890   147   297   0   263   169   119   751   439   42   269   186   176   218   542   143   66   48   31   0   167   7   79   82   27   196   124   30   87   0   79   105   5180   327   200   41   48   115   15   164   131   0   159   239   0   12   78   89   0   0   0   0   0   341   0   0   
0   0   0   0   0   0   0   0   211   586   99   45   169   22   625   132   193   0   67   195   72   0   71   12   0   18   22   0   0   0   24   0   265   359   38   0   118   42   34   153   60   48   42   13   178   0   52   0   8   0   351   30   22   14   104   98   5762   359   24   0   0   0   19   332   174   7   53   67   14   0   32   0   0   0   0   0   0   327   0   0   
0   0   0   0   0   0   0   0   164   31   30   45   181   50   365   119   628   0   18   22   3   0   182   50   56   228   40   146   42   0   3   4   258   64   114   16   120   42   44   60   51   48   96   207   194   0   424   0   50   22   210   50   0   28   90   93   5637   282   36   54   45   0   84   103   138   55   139   31   86   32   0   29   0   0   0   0   0   0   244   0   
0   0   0   0   0   0   0   0   192   15   164   45   78   0   16   107   131   0   4   0   0   0   30   0   0   0   17   0   12   0   119   0   116   12   247   6   78   42   28   114   121   48   6   0   149   6   41   0   0   0   337   33   42   0   57   93   5869   317   12   0   1   0   7   91   129   0   74   0   68   0   70   0   0   0   0   0   0   0   47   0   
0   0   0   0   0   0   0   0   0   0   0   0   0   0   0   0   0   0   0   0   0   0   0   0   0   0   0   0   0   0   0   0   0   0   0   0   0   0   0   0   0   0   0   0   0   0   0   0   0   0   0   0   0   0   0   0   0   0   0   0   0   0   0   0   0   0   0   0   0   0   0   0   0   0   0   0   0   0   0   0   
0   0   0   0   0   0   0   0   0   0   0   0   0   0   0   0   0   0   0   0   0   0   0   0   0   0   0   0   0   0   0   0   0   0   0   0   0   0   0   0   4550   2710   0   0   0   0   0   0   760   310   0   0   0   0   0   0   3820   910   0   0   0   0   0   0   4200   2950   0   0   0   0   0   0   0   0   0   0   0   0   0   0   
0   0   0   0   0   0   0   0   0   0   0   0   0   0   0   0   0   0   0   0   0   0   0   0   0   0   0   0   0   0   0   0   0   0   0   0   0   0   0   0   0   0   3270   4130   0   0   0   0   0   0   5130   2840   0   0   0   0   0   0   2330   260   0   0   0   0   0   0   4380   2260   0   0   0   0   0   0   0   0   0   0   0   0   
0   0   0   0   0   0   0   0   0   0   0   0   0   0   0   0   0   0   0   0   0   0   0   0   0   0   0   0   0   0   0   0   0   0   0   0   0   0   0   0   0   0   0   0   0   0   0   0   0   0   0   0   0   0   0   0   0   0   0   0   0   0   0   0   0   0   0   0   0   0   0   0   0   0   0   0   0   0   0   0   
0   0   0   0   0   0   0   0   0   0   0   0   0   0   0   0   0   0   0   0   0   0   0   0   0   0   0   0   0   0   0   0   0   0   0   0   0   0   0   0   0   0   0   0   0   0   0   0   0   0   0   0   0   0   0   0   0   0   0   0   0   0   0   0   0   0   0   0   0   0   0   0   0   0   0   0   0   0   0   0   
0   0   0   0   0   0   0   0   0   0   0   0   0   0   0   0   0   0   0   0   0   0   0   0   0   0   0   0   0   0   0   0   0   0   0   0   0   0   0   0   0   0   0   0   1780   280   0   0   0   0   0   0   2510   2900   0   0   0   0   0   0   880   1700   0   0   0   0   0   0   3410   3270   0   0   0   0   0   0   0   0   0   0   
0   0   0   0   0   0   0   0   0   0   0   0   0   0   0   0   0   0   0   0   0   0   0   0   0   0   0   0   0   0   0   0   0   0   0   0   0   0   0   0   0   0   0   0   0   0   5045   2010   0   0   0   0   0   0   5260   3840   0   0   0   0   0   0   5630   1990   0   0   0   0   0   0   2440   470   0   0   0   0   0   0   0   0   
0   0   0   0   0   0   0   0   0   0   0   0   0   0   0   0   0   0   0   0   0   0   0   0   0   0   0   0   0   0   0   0   0   0   0   0   0   0   0   0   0   0   0   0   0   0   0   0   0   0   0   0   0   0   0   0   0   0   0   0   0   0   0   0   0   0   0   0   0   0   0   0   0   0   0   0   0   0   0   0   
