0   0   0   0   0   0   0   0   0   0   0   0   0   0   0   0   0   0   0   0   0   0   0   0   0   0   0   0   0   0   0   0   0   0   0   0   0   0   0   0   0   0   0   0   0   0   0   0   0   0   0   0   0   0   0   0   0   0   0   0   0   0   0   0   0   0   0   0   0   0   0   0   0   0   0   0   0   0   0   0   
0   0   0   0   0   0   0   0   2870   2610   0   0   0   0   0   0   1630   1550   0   0   0   0   0   0   1440   630   0   0   0   0   0   0   2580   3780   0   0   0   0   0   0   0   0   0   0   0   0   0   0   0   0   0   0   0   0   0   0   0   0   0   0   0   0   0   0   0   0   0   0   0   0   0   0   0   0   0   0   0   0   0   0   
0   0   0   0   0   0   0   0   0   0   3510   3190   0   0   0   0   0   0   2170   2820   0   0   0   0   0   0   3460   2130   0   0   0   0   0   0   5170   4130   0   0   0   0   0   0   0   0   0   0   0   0   0   0   0   0   0   0   0   0   0   0   0   0   0   0   0   0   0   0   0   0   0   0   0   0   0   0   0   0   0   0   0   0   
0   0   0   0   0   0   0   0   0   0   0   0   0   0   0   0   0   0   0   0   0   0   0   0   0   0   0   0   0   0   0   0   0   0   0   0   0   0   0   0   0   0   0   0   0   0   0   0   0   0   0   0   0   0   0   0   0   0   0   0   0   0   0   0   0   0   0   0   0   0   0   0   0   0   0   0   0   0   0   0   
0   0   0   0   0   0   0   0   0   0   0   0   0   0   0   0   0   0   0   0   0   0   0   0   0   0   0   0   0   0   0   0   0   0   0   0   0   0   0   0   0   0   0   0   0   0   0   0   0   0   0   0   0   0   0   0   0   0   0   0   0   0   0   0   0   0   0   0   0   0   0   0   0   0   0   0   0   0   0   0   
0   0   0   0   0   0   0   0   0   0   0   0   1880   2140   0   0   0   0   0   0   3190   3440   0   0   0   0   0   0   2610   2100   0   0   0   0   0   0   1450   2020   0   0   0   0   0   0   0   0   0   0   0   0   0   0   0   0   0   0   0   0   0   0   0   0   0   0   0   0   0   0   0   0   0   0   0   0   0   0   0   0   0   0   
0   0   0   0   0   0   0   0   0   0   0   0   0   0   5550   2110   0   0   0   0   0   0   3900   3770   0   0   0   0   0   0   5610   1890   0   0   0   0   0   0   2370   1780   0   0   0   0   0   0   0   0   0   0   0   0   0   0   0   0   0   0   0   0   0   0   0   0   0   0   0   0   0   0   0   0   0   0   0   0   0   0   0   0   
0   0   0   0   0   0   0   0   0   0   0   0   0   0   0   0   0   0   0   0   0   0   0   0   0   0   0   0   0   0   0   0   0   0   0   0   0   0   0   0   0   0   0   0   0   0   0   0   0   0   0   0   0   0   0   0   0   0   0   0   0   0   0   0   0   0   0   0   0   0   0   0   0   0   0   0   0   0   0   0   
0   287   0   0   0   0   0   0   0   176   1554   133   126   102   102   126   108   114   166   105   105   111   105   99   133   105   449   193   117   114   129   105   147   105   405   105   2226   1228   102   105   105   444   105   102   102   102   102   102   102   102   802   102   102   102   102   120   126   126   129   105   523   102   102   105   102   102   102   102   102   102   102   952   0   0   0   0   0   0   0   0   
0   261   0   0   0   0   0   0   116   0   2188   6   0   38   319   39   18   40   30   0   27   57   6   167   0   0   782   125   487   38   0   21   69   0   802   38   1015   654   84   0   0   146   0   52   3   30   0   122   0   0   640   0   0   0   0   9   342   133   0   393   678   279   283   288   272   304   210   0   3   0   0   180   0   0   0   0   0   0   0   0   
0   0   351   0   0   0   0   0   3664   2995   0   3427   3325   3337   3630   3477   3188   3527   2968   3711   3410   3583   3451   3556   3021   3495   3785   2897   4259   3603   3331   3458   3205   3528   4070   3519   4225   3112   3617   3305   2981   2964   3157   3377   3194   3196   3133   3326   3135   3189   3402   3161   3228   3310   3146   3232   3829   3362   3417   3872   3291   3538   4115   3501   3522   3366   3326   3190   3158   2997   3310   1927   0   0   0   0   0   0   0   0   
0   0   319   0   0   0   0   0   73   30   1767   0   0   21   49   27   6   21   25   0   9   23   2   38   10   0   250   70   166   59   0   5   85   7   484   46   991   902   19   0   0   3   0   20   1   10   115   33   0   0   640   0   0   0   0   34   83   36   0   198   448   128   134   134   128   147   91   21   23   23   0   330   0   0   0   0   0   0   0   0   
0   0   0   0   0   188   0   0   66   0   1330   0   0   54   96   31   12   26   6   0   22   36   2   34   0   0   0   76   36   17   66   10   92   0   356   22   998   370   18   0   0   0   0   32   2   20   0   0   0   0   340   0   2   0   0   0   8   4   0   272   471   122   0   0   0   0   0   0   0   0   23   374   0   0   0   0   0   0   0   0   
0   0   0   0   0   214   0   0   42   190   1461   80   126   0   54   51   0   12   120   0   0   6   0   30   60   0   120   90   12   9   0   0   57   0   480   0   920   190   0   0   0   10   0   0   0   0   0   0   0   0   120   0   0   0   0   0   0   0   0   0   140   0   0   0   0   0   0   0   0   0   0   450   0   0   0   0   0   0   0   0   
0   0   0   0   0   0   555   0   42   1160   2070   245   480   126   0   24   30   162   490   0   0   126   0   30   245   120   530   275   12   135   0   0   72   120   890   0   2607   1078   0   0   0   20   0   0   0   0   0   0   0   0   520   0   0   0   0   0   0   0   0   0   388   0   24   0   0   0   0   0   0   0   0   2080   0   0   0   0   0   0   0   0   
0   0   0   0   0   0   211   0   150   195   1520   135   155   111   120   0   120   117   195   120   90   96   90   45   135   105   165   177   117   114   105   105   177   108   225   120   950   165   105   90   105   105   105   105   105   105   129   105   105   105   165   105   105   105   105   90   105   105   105   90   200   105   105   90   105   105   105   90   90   90   90   825   0   0   0   0   0   0   0   0   
0   163   0   0   0   0   0   0   48   90   1309   30   60   0   24   24   0   20   1262   0   30   36   0   30   30   0   474   484   12   13   26   0   51   0   360   0   566   82   0   0   0   30   0   0   0   0   0   0   0   0   60   0   0   0   0   0   0   0   0   118   158   68   0   0   0   0   0   0   0   0   0   300   0   0   0   0   0   0   0   0   
0   155   0   0   0   0   0   0   102   200   1543   105   130   60   90   81   100   0   130   60   60   66   90   120   95   60   145   146   72   69   60   60   111   60   230   60   505   130   60   60   60   95   60   60   60   60   60   60   60   60   130   60   60   60   60   60   60   60   60   60   120   84   60   60   60   60   60   60   60   60   60   555   0   0   0   0   0   0   0   0   
0   0   217   0   0   0   0   0   106   90   1948   29   30   24   98   51   488   26   0   0   20   42   4   50   71   30   548   259   334   23   0   122   77   0   778   40   1633   100   24   0   0   9   40   94   2   28   0   68   0   0   30   0   0   0   0   66   206   60   0   250   352   332   746   230   234   174   24   0   0   0   0   737   0   0   0   0   0   0   0   0   
0   0   283   0   0   0   0   0   45   0   1408   0   0   0   0   24   0   12   0   0   0   6   0   30   0   0   30   57   12   9   0   0   78   3   240   0   1290   0   0   0   0   0   0   0   0   0   24   0   0   0   0   0   0   0   0   0   0   0   0   0   220   23   0   0   0   0   0   0   0   0   0   465   0   0   0   0   0   0   0   0   
0   0   0   0   0   319   0   0   45   135   1455   45   110   0   0   18   24   12   100   0   0   6   0   30   45   0   140   72   42   39   69   0   54   3   430   0   1185   180   0   0   0   45   0   0   0   0   0   0   0   0   100   0   0   0   0   0   0   0   0   0   235   0   20   0   0   0   0   0   0   0   0   1005   0   0   0   0   0   0   0   0   
0   0   0   0   0   344   0   0   75   285   1651   115   180   30   54   48   36   42   210   30   30   0   30   60   115   30   200   142   42   39   60   60   54   42   200   30   1830   210   30   30   30   100   30   30   30   30   30   30   30   30   170   30   30   30   30   30   30   30   30   30   115   30   50   30   30   30   30   30   30   30   30   1425   0   0   0   0   0   0   0   0   
0   0   0   0   0   0   390   0   45   30   1361   10   10   0   0   18   0   18   20   0   0   6   0   30   10   0   20   37   12   9   0   0   72   39   600   0   5200   850   0   0   0   5   0   0   0   0   0   0   0   0   10   0   0   0   0   0   0   0   0   0   255   0   77   0   0   0   0   0   0   0   0   1795   0   0   0   0   0   0   0   0   
0   0   0   0   0   0   377   0   183   540   1657   190   170   150   150   153   150   168   220   150   150   156   150   0   165   150   200   190   162   159   150   150   150   150   300   180   1717   210   150   150   150   160   150   150   150   150   171   150   150   150   170   150   150   150   150   150   150   150   150   150   160   150   150   156   150   150   150   150   150   150   150   1050   0   0   0   0   0   0   0   0   
0   144   0   0   0   0   0   0   73   0   1322   2   0   12   49   27   6   19   36   0   9   23   2   33   0   0   97   74   134   13   243   33   67   29   82   11   1245   60   44   2   3   2   0   16   1   10   0   28   0   5   27   0   64   0   0   17   66   2   0   124   155   157   133   128   35   0   0   0   0   0   0   20   0   0   0   0   0   0   0   0   
0   63   0   0   0   0   0   0   45   0   1368   0   0   0   24   21   0   12   6   0   0   6   0   30   0   0   0   30   12   9   0   0   96   15   10   0   90   300   30   30   0   0   0   0   0   0   0   0   0   0   0   0   0   0   0   0   0   0   0   0   0   0   0   6   0   0   0   0   0   0   0   0   0   0   0   0   0   0   0   0   
0   0   346   0   0   0   0   0   217   1737   3978   509   0   24   106   33   184   29   1196   19   78   40   4   40   249   0   0   467   190   23   0   34   62   48   416   24   794   1080   86   36   82   30   42   54   2   22   0   2   0   0   0   0   0   6   0   40   78   6   0   291   320   329   651   296   254   174   26   0   0   0   0   555   0   0   0   0   0   0   0   0   
0   0   213   0   0   0   0   0   246   452   1705   247   310   162   199   165   322   174   639   147   144   158   137   126   280   150   572   0   239   172   160   169   194   198   609   173   1647   661   203   148   189   233   204   198   151   161   317   152   150   150   360   150   150   157   150   152   193   217   150   260   456   278   280   260   300   240   227   135   135   135   169   2691   0   0   0   0   0   0   0   0   
0   0   0   0   0   261   0   0   105   1234   3375   420   152   60   60   81   60   72   880   60   84   66   60   90   375   60   536   292   0   69   189   60   96   75   428   60   1017   352   60   63   60   101   60   60   90   90   60   60   60   60   172   60   60   60   60   60   60   60   60   60   227   60   60   60   73   60   60   60   60   60   60   2324   0   0   0   0   0   0   0   0   
0   0   0   0   0   210   0   0   90   138   1606   155   65   45   87   66   45   57   79   45   51   51   45   75   55   45   75   109   57   0   45   45   93   63   125   45   679   75   45   48   45   65   45   45   45   45   75   75   45   45   65   45   45   45   45   45   45   45   45   45   106   45   45   45   67   45   45   45   45   45   45   2035   0   0   0   0   0   0   0   0   
0   0   0   0   0   0   831   0   165   0   1295   0   280   0   0   21   130   12   0   0   129   12   0   30   380   0   0   56   153   9   0   0   186   18   0   0   3495   152   0   0   0   0   0   0   0   0   0   0   30   30   0   0   0   0   0   0   0   0   0   0   20   0   24   0   6   0   0   0   0   0   0   1105   0   0   0   0   0   0   0   0   
0   0   0   0   0   0   191   0   45   81   1414   25   50   0   0   21   0   12   330   0   0   12   0   30   95   0   100   90   12   9   0   0   45   48   110   0   382   270   0   0   0   25   0   0   0   0   24   0   0   0   190   30   0   0   0   0   0   0   0   0   155   0   0   0   0   6   0   0   0   0   0   1122   0   0   0   0   0   0   0   0   
0   258   0   0   0   0   0   0   135   115   1340   67   182   141   180   93   123   135   143   42   78   30   54   30   190   240   164   118   72   105   126   93   0   135   522   78   673   568   48   24   174   106   165   60   150   132   168   96   78   96   166   60   90   126   78   24   42   24   42   24   202   78   108   42   96   105   132   42   24   42   78   1166   0   0   0   0   0   0   0   0   
0   378   0   0   0   0   0   0   45   0   1348   18   0   0   24   36   0   12   0   15   15   54   51   30   66   63   63   75   75   75   66   48   123   0   83   48   1063   470   63   12   30   30   15   0   0   0   0   0   0   0   0   0   0   0   30   30   0   0   0   0   15   0   0   0   0   6   0   0   0   0   0   1299   0   0   0   0   0   0   0   0   
0   0   517   0   0   0   0   0   279   1650   4568   660   188   100   180   51   96   48   1280   66   106   40   122   86   220   2   552   530   170   47   0   38   208   45   0   122   1837   1982   42   36   56   33   70   99   137   88   109   48   63   98   231   51   66   79   63   14   155   198   119   322   449   369   1215   302   400   306   208   0   0   6   6   1997   0   0   0   0   0   0   0   0   
0   0   413   0   0   0   0   0   45   182   1585   150   110   0   0   24   0   12   150   0   0   6   0   36   55   0   120   115   12   9   0   0   42   48   360   0   545   850   0   15   0   25   0   0   0   0   24   0   0   0   110   0   0   0   0   15   0   0   30   48   160   0   0   15   66   63   69   27   48   45   45   1928   0   0   0   0   0   0   0   0   
0   0   0   0   0   145   0   0   1426   404   2167   395   407   289   636   320   227   155   548   500   342   642   1477   628   497   36   320   648   385   375   3202   148   257   432   927   177   0   529   198   169   513   169   231   140   124   136   96   27   0   0   20   34   114   208   320   288   46   88   239   64   384   276   0   0   0   0   186   384   396   601   384   867   0   0   0   0   0   0   0   0   
0   0   0   0   0   202   0   0   722   262   1252   336   146   50   282   33   20   26   20   0   52   42   180   50   28   106   410   279   124   21   54   92   248   170   772   274   794   0   56   0   0   0   136   174   10   20   24   16   20   54   2   0   0   0   0   22   18   24   102   276   358   340   356   286   256   318   344   332   358   256   276   1314   0   0   0   0   0   0   0   0   
0   0   0   0   0   0   237   0   42   228   1964   74   90   0   0   21   0   12   112   0   0   6   0   30   135   6   262   190   12   9   0   0   48   15   110   0   516   170   0   0   0   0   0   0   0   0   0   0   0   0   60   0   0   0   0   0   0   0   0   0   97   0   0   0   30   30   0   12   0   0   0   1568   0   0   0   0   0   0   0   0   
0   0   0   0   0   0   178   0   45   0   1286   0   0   0   0   18   0   12   0   0   0   6   0   30   10   9   140   67   15   12   0   0   24   36   110   3   445   0   0   0   0   0   0   0   0   0   0   0   0   0   0   0   0   0   0   0   0   0   0   0   0   0   0   0   0   0   30   42   0   0   0   585   0   0   0   0   0   0   0   0   
0   0   0   0   0   0   0   0   45   0   1162   0   0   0   0   21   0   12   0   0   0   6   0   30   15   0   84   90   12   9   0   0   90   6   62   0   1300   0   0   0   0   0   0   0   0   0   0   0   0   0   0   0   0   0   0   0   0   0   0   0   85   0   0   0   0   0   0   12   30   30   0   1910   0   341   0   0   0   0   0   0   
0   0   0   0   0   0   0   0   131   58   1267   15   0   2   5   21   6   19   13   0   9   20   1   32   10   0   12   70   26   15   0   5   50   16   10   5   430   0   0   0   0   0   0   0   1   10   0   0   0   0   0   0   0   0   0   0   0   0   0   118   223   128   128   128   128   128   129   128   143   107   109   762   0   206   0   0   0   0   0   0   
0   0   0   0   0   0   0   0   45   0   1218   0   0   0   0   21   0   12   110   0   0   6   0   30   0   0   130   121   12   9   0   0   57   3   41   0   585   380   0   0   0   0   0   0   0   0   0   0   0   0   0   0   0   0   0   0   0   0   0   0   85   0   0   0   0   0   0   0   12   0   0   1390   0   0   275   0   0   0   0   0   
0   0   0   0   0   0   0   0   42   260   1581   100   160   0   0   21   0   12   340   0   0   6   0   30   80   0   230   126   12   9   0   0   36   0   296   0   470   570   0   0   0   0   0   0   0   0   0   0   0   0   160   0   0   0   0   0   0   0   0   0   195   0   0   0   0   0   0   0   12   0   0   1095   0   0   247   0   0   0   0   0   
0   0   0   0   0   0   0   0   42   15   1239   5   10   0   0   21   0   12   10   0   0   6   0   30   5   0   10   35   36   9   0   0   66   0   85   0   345   30   0   0   0   5   0   0   0   0   0   0   0   0   10   0   0   0   0   0   0   0   0   0   120   0   0   0   0   0   0   0   12   0   0   690   0   0   0   0   0   157   0   0   
0   0   0   0   0   0   0   0   42   150   1385   50   100   0   0   21   0   12   130   0   0   6   0   30   50   0   110   85   18   9   0   0   60   0   128   0   465   100   0   0   0   50   0   0   0   0   0   0   0   0   100   0   0   0   0   0   0   0   0   0   95   0   0   0   0   0   0   0   0   12   0   1608   0   0   0   0   0   190   0   0   
0   0   0   0   0   0   0   0   42   0   1234   265   0   0   0   141   0   12   0   120   0   6   0   135   0   0   0   370   12   15   0   120   72   0   115   120   80   20   0   0   0   0   0   0   0   0   0   0   0   0   0   0   0   0   0   0   0   0   0   0   85   0   0   0   0   0   0   0   0   12   0   150   0   0   0   0   0   0   246   0   
0   0   0   0   0   0   0   0   42   317   1338   85   0   0   0   21   0   12   180   0   0   6   0   30   70   0   10   40   12   15   0   0   48   0   48   0   64   40   0   0   0   0   0   0   0   0   0   0   0   0   0   0   0   0   0   0   0   0   0   0   0   0   0   0   0   0   0   0   0   12   0   350   0   0   0   0   0   0   52   0   
0   0   0   0   0   0   0   0   42   0   1220   0   0   0   0   21   0   12   0   0   0   6   0   30   0   0   0   30   12   9   24   0   42   0   15   0   0   60   0   0   0   0   0   0   0   0   0   0   0   0   0   0   0   0   0   0   0   0   0   0   95   0   0   0   0   0   0   0   0   0   12   813   0   71   0   0   0   0   0   0   
0   0   0   0   0   0   0   0   42   0   1230   0   0   0   0   21   0   12   0   0   0   6   0   30   25   0   0   30   12   9   6   0   48   0   98   0   0   150   0   0   0   0   0   0   0   0   0   0   0   0   0   0   0   0   0   0   0   0   0   0   10   0   0   0   0   0   0   0   0   0   12   0   0   41   0   0   0   0   0   0   
0   0   0   0   0   0   0   0   328   198   1321   140   78   24   104   33   12   26   6   0   20   34   2   34   75   0   0   104   48   17   0   54   62   0   193   22   55   10   12   0   0   0   0   32   2   20   0   0   0   0   0   0   0   0   0   0   0   4   0   232   256   256   256   256   256   256   258   256   256   256   282   256   0   0   26   0   0   0   0   0   
0   0   0   0   0   0   0   0   42   0   1231   0   0   0   0   21   0   12   0   0   0   6   0   30   0   0   0   30   12   9   0   6   36   0   63   0   90   0   0   0   0   0   0   0   0   0   0   0   0   0   0   0   0   0   0   0   0   0   0   0   145   0   0   0   0   0   0   0   0   0   12   170   0   0   63   0   0   0   0   0   
0   0   0   0   0   0   0   0   42   0   1244   0   10   0   0   21   0   12   0   0   0   6   0   30   80   0   0   30   12   9   0   0   60   0   18   0   120   0   0   0   0   0   0   0   0   0   0   0   0   0   0   0   0   0   0   0   0   0   0   0   20   0   0   0   0   0   0   0   0   0   0   12   0   0   0   0   0   14   0   0   
0   0   0   0   0   0   0   0   42   0   1279   0   0   0   0   21   0   12   0   0   0   6   0   30   0   0   30   60   12   9   0   0   54   0   70   0   610   0   0   0   0   0   0   0   0   0   0   0   0   0   0   0   0   0   0   0   0   0   0   0   120   0   0   0   0   0   0   0   0   0   0   12   0   0   0   0   0   122   0   0   
0   0   0   0   0   0   0   0   42   0   1223   0   0   0   0   21   0   12   0   0   0   6   0   30   0   0   0   30   12   9   0   0   42   6   15   0   815   0   0   0   0   0   0   0   0   0   0   0   0   0   0   0   0   0   0   0   0   0   0   0   160   0   0   0   0   0   0   0   0   0   0   12   0   0   0   0   0   0   129   0   
0   0   0   0   0   0   0   0   51   27   1260   85   0   0   0   18   0   12   166   0   0   6   0   30   50   0   86   72   12   9   0   0   24   6   46   3   820   60   0   0   0   0   0   0   0   0   0   0   0   0   0   0   0   0   0   0   0   0   0   0   50   0   0   0   0   0   0   0   0   0   0   0   0   0   0   0   0   0   136   0   
0   0   0   0   0   0   0   0   54   887   2768   209   40   0   0   21   0   12   474   0   0   6   0   30   166   0   206   142   12   9   0   0   30   0   209   0   125   50   0   0   0   0   0   0   0   0   0   0   0   0   0   0   0   0   0   0   0   0   0   0   90   0   0   0   0   0   0   0   0   0   0   210   0   129   0   0   0   0   0   0   
0   0   0   0   0   0   0   0   54   337   1366   95   20   0   0   21   0   12   160   0   0   6   0   30   10   0   22   225   12   9   0   0   24   0   302   0   259   62   0   0   0   0   0   0   0   0   0   0   0   0   20   0   0   0   0   0   0   0   0   0   140   0   0   0   0   0   0   0   0   0   0   301   0   138   0   0   0   0   0   0   
0   0   0   0   0   0   0   0   69   0   1313   0   0   0   0   21   0   12   0   0   0   6   0   30   0   0   0   30   12   9   0   0   30   0   245   6   220   260   0   0   0   0   0   0   0   0   0   0   0   0   0   0   0   0   0   0   0   0   0   0   20   0   0   0   0   0   0   0   0   0   0   660   0   0   158   0   0   0   0   0   
0   0   0   0   0   0   0   0   45   811   2535   460   686   0   0   18   580   12   596   0   0   6   0   30   294   0   870   325   12   9   0   0   24   0   882   12   165   720   0   0   0   295   0   0   0   0   0   0   0   0   580   0   0   0   0   0   0   0   0   0   295   0   0   0   0   0   0   0   0   0   0   405   0   0   311   0   0   0   0   0   
0   0   0   0   0   0   0   0   263   802   2218   445   832   63   120   74   646   29   669   57   54   23   51   32   354   0   960   428   70   34   7   60   90   14   889   48   786   898   38   0   25   346   21   52   24   25   23   0   33   4   640   51   9   32   46   11   30   46   8   118   0   128   130   132   128   128   143   128   128   128   137   528   0   0   0   0   0   295   0   0   
0   0   0   0   0   0   0   0   42   651   2190   320   442   0   0   21   246   48   740   35   0   6   0   30   375   0   939   350   12   9   0   0   42   0   705   0   661   852   0   0   0   320   0   0   0   0   0   0   0   0   640   0   0   0   0   0   0   0   0   0   320   0   0   0   0   0   0   0   0   0   0   304   0   0   0   0   0   310   0   0   
0   0   0   0   0   0   0   0   42   663   3101   330   0   0   120   21   0   12   1298   0   32   38   161   30   354   0   1329   352   12   9   120   0   36   0   1579   0   0   826   0   0   0   320   0   0   0   0   0   0   0   0   640   0   0   0   0   0   0   0   0   0   330   0   0   0   0   0   0   0   0   0   0   0   0   0   0   0   0   0   625   0   
0   0   0   0   0   0   0   0   45   744   2229   337   0   0   0   18   0   12   656   0   0   6   0   48   380   18   790   357   12   9   0   0   30   0   742   3   0   646   0   0   0   320   0   0   0   0   0   0   0   0   640   0   0   0   0   0   0   0   0   0   335   0   0   0   0   0   0   0   0   0   0   630   0   0   0   0   0   0   297   0   
0   0   0   0   0   0   0   0   42   684   2227   337   0   0   0   21   0   12   696   0   0   6   0   30   104   0   678   392   37   43   18   0   48   0   990   18   0   640   24   0   0   320   0   0   0   0   0   0   0   0   640   0   0   0   0   0   0   0   0   0   320   0   0   0   0   0   0   0   0   0   0   420   0   315   0   0   0   0   0   0   
0   0   0   0   0   0   0   0   42   857   2322   438   0   0   0   21   0   12   682   0   0   6   0   30   0   0   644   353   12   9   0   18   69   18   796   15   0   700   6   0   0   320   0   0   0   0   0   0   0   0   640   0   0   0   0   0   0   0   0   0   320   0   0   0   0   0   0   0   0   0   0   210   0   266   0   0   0   0   0   0   
0   0   0   0   0   0   0   0   42   534   1902   237   0   0   0   21   0   12   84   0   0   6   0   30   0   0   80   252   12   9   0   0   60   0   466   33   405   794   0   6   0   325   0   0   0   0   0   0   0   0   650   0   0   0   0   0   0   0   0   0   348   0   0   0   0   0   0   0   0   0   0   0   0   0   219   0   0   0   0   0   
0   0   0   0   0   0   0   0   42   0   1246   9   0   0   0   18   0   12   0   0   0   6   0   30   0   0   0   27   12   9   0   0   30   0   0   39   960   850   24   30   24   320   0   0   0   0   0   0   0   0   640   0   0   0   0   0   0   0   0   0   320   0   0   0   0   0   0   0   0   0   0   0   0   0   214   0   0   0   0   0   
0   0   0   0   0   0   0   0   42   15   1239   11   0   0   0   18   0   12   0   0   0   6   0   30   0   0   0   27   12   9   0   0   24   0   0   12   990   890   0   0   24   358   24   24   24   0   0   0   0   0   640   0   0   0   0   0   0   0   0   0   320   0   0   0   0   0   0   0   0   0   0   0   0   0   0   0   0   219   0   0   
0   0   0   0   0   0   0   0   42   0   1161   11   0   0   0   18   0   12   0   0   0   6   0   30   0   0   0   27   12   9   0   0   30   0   20   9   1515   640   0   0   6   320   0   0   0   24   24   24   0   0   640   0   0   0   0   0   0   0   0   0   320   0   0   0   0   0   0   0   0   0   0   435   0   0   0   0   0   280   0   0   
0   0   0   0   0   0   0   0   42   0   1469   0   11   0   0   18   0   12   0   0   0   6   0   30   0   0   0   122   12   9   0   0   42   0   20   9   960   690   0   0   0   326   0   0   0   0   0   0   24   24   682   24   0   0   0   0   0   0   0   0   355   0   0   0   0   0   0   0   0   0   0   60   0   0   0   0   0   0   233   0   
0   0   0   0   0   0   0   0   886   65   1367   114   178   114   572   286   99   174   233   145   253   481   514   382   4   0   218   1138   911   792   422   435   480   500   794   669   1224   1151   580   227   720   568   550   350   167   706   30   131   317   0   640   66   24   24   24   0   83   121   257   161   498   118   0   246   168   84   0   0   0   168   67   0   0   0   0   0   0   0   225   0   
0   0   0   0   0   0   0   0   0   0   0   0   0   0   0   0   0   0   0   0   0   0   0   0   0   0   0   0   0   0   0   0   0   0   0   0   0   0   0   0   0   0   0   0   0   0   0   0   0   0   0   0   0   0   0   0   0   0   0   0   0   0   0   0   0   0   0   0   0   0   0   0   0   0   0   0   0   0   0   0   
0   0   0   0   0   0   0   0   0   0   0   0   0   0   0   0   0   0   0   0   0   0   0   0   0   0   0   0   0   0   0   0   0   0   0   0   0   0   0   0   3410   2020   0   0   0   0   0   0   710   410   0   0   0   0   0   0   1290   1380   0   0   0   0   0   0   3150   2660   0   0   0   0   0   0   0   0   0   0   0   0   0   0   
0   0   0   0   0   0   0   0   0   0   0   0   0   0   0   0   0   0   0   0   0   0   0   0   0   0   0   0   0   0   0   0   0   0   0   0   0   0   0   0   0   0   2750   2470   0   0   0   0   0   0   260   630   0   0   0   0   0   0   1580   3110   0   0   0   0   0   0   2190   2140   0   0   0   0   0   0   0   0   0   0   0   0   
0   0   0   0   0   0   0   0   0   0   0   0   0   0   0   0   0   0   0   0   0   0   0   0   0   0   0   0   0   0   0   0   0   0   0   0   0   0   0   0   0   0   0   0   0   0   0   0   0   0   0   0   0   0   0   0   0   0   0   0   0   0   0   0   0   0   0   0   0   0   0   0   0   0   0   0   0   0   0   0   
0   0   0   0   0   0   0   0   0   0   0   0   0   0   0   0   0   0   0   0   0   0   0   0   0   0   0   0   0   0   0   0   0   0   0   0   0   0   0   0   0   0   0   0   0   0   0   0   0   0   0   0   0   0   0   0   0   0   0   0   0   0   0   0   0   0   0   0   0   0   0   0   0   0   0   0   0   0   0   0   
0   0   0   0   0   0   0   0   0   0   0   0   0   0   0   0   0   0   0   0   0   0   0   0   0   0   0   0   0   0   0   0   0   0   0   0   0   0   0   0   0   0   0   0   1570   1900   0   0   0   0   0   0   140   1220   0   0   0   0   0   0   2950   3100   0   0   0   0   0   0   2190   2800   0   0   0   0   0   0   0   0   0   0   
0   0   0   0   0   0   0   0   0   0   0   0   0   0   0   0   0   0   0   0   0   0   0   0   0   0   0   0   0   0   0   0   0   0   0   0   0   0   0   0   0   0   0   0   0   0   2460   520   0   0   0   0   0   0   1290   1360   0   0   0   0   0   0   5950   2970   0   0   0   0   0   0   2330   2230   0   0   0   0   0   0   0   0   
0   0   0   0   0   0   0   0   0   0   0   0   0   0   0   0   0   0   0   0   0   0   0   0   0   0   0   0   0   0   0   0   0   0   0   0   0   0   0   0   0   0   0   0   0   0   0   0   0   0   0   0   0   0   0   0   0   0   0   0   0   0   0   0   0   0   0   0   0   0   0   0   0   0   0   0   0   0   0   0   
