0   0   0   0   0   0   0   0   0   0   0   0   0   0   0   0   0   0   0   0   0   0   0   0   0   0   0   0   0   0   0   0   0   0   0   0   0   0   0   0   0   0   0   0   0   0   0   0   0   0   0   0   0   0   0   0   0   0   0   0   0   0   0   0   0   0   0   0   0   0   0   0   0   0   0   0   0   0   0   0   
0   0   0   0   0   0   0   0   1490   1200   0   0   0   0   0   0   210   1000   0   0   0   0   0   0   330   760   0   0   0   0   0   0   600   1430   0   0   0   0   0   0   0   0   0   0   0   0   0   0   0   0   0   0   0   0   0   0   0   0   0   0   0   0   0   0   0   0   0   0   0   0   0   0   0   0   0   0   0   0   0   0   
0   0   0   0   0   0   0   0   0   0   360   1640   0   0   0   0   0   0   990   730   0   0   0   0   0   0   0   3310   0   0   0   0   0   0   810   1010   0   0   0   0   0   0   0   0   0   0   0   0   0   0   0   0   0   0   0   0   0   0   0   0   0   0   0   0   0   0   0   0   0   0   0   0   0   0   0   0   0   0   0   0   
0   0   0   0   0   0   0   0   0   0   0   0   0   0   0   0   0   0   0   0   0   0   0   0   0   0   0   0   0   0   0   0   0   0   0   0   0   0   0   0   0   0   0   0   0   0   0   0   0   0   0   0   0   0   0   0   0   0   0   0   0   0   0   0   0   0   0   0   0   0   0   0   0   0   0   0   0   0   0   0   
0   0   0   0   0   0   0   0   0   0   0   0   0   0   0   0   0   0   0   0   0   0   0   0   0   0   0   0   0   0   0   0   0   0   0   0   0   0   0   0   0   0   0   0   0   0   0   0   0   0   0   0   0   0   0   0   0   0   0   0   0   0   0   0   0   0   0   0   0   0   0   0   0   0   0   0   0   0   0   0   
0   0   0   0   0   0   0   0   0   0   0   0   0   760   0   0   0   0   0   0   570   1450   0   0   0   0   0   0   2340   2720   0   0   0   0   0   0   390   710   0   0   0   0   0   0   0   0   0   0   0   0   0   0   0   0   0   0   0   0   0   0   0   0   0   0   0   0   0   0   0   0   0   0   0   0   0   0   0   0   0   0   
0   0   0   0   0   0   0   0   0   0   0   0   0   0   3500   1320   0   0   0   0   0   0   720   1210   0   0   0   0   0   0   3890   960   0   0   0   0   0   0   0   710   0   0   0   0   0   0   0   0   0   0   0   0   0   0   0   0   0   0   0   0   0   0   0   0   0   0   0   0   0   0   0   0   0   0   0   0   0   0   0   0   
0   0   0   0   0   0   0   0   0   0   0   0   0   0   0   0   0   0   0   0   0   0   0   0   0   0   0   0   0   0   0   0   0   0   0   0   0   0   0   0   0   0   0   0   0   0   0   0   0   0   0   0   0   0   0   0   0   0   0   0   0   0   0   0   0   0   0   0   0   0   0   0   0   0   0   0   0   0   0   0   
0   149   0   0   0   0   0   0   0   264   261   1070   219   243   222   219   852   942   232   246   263   601   264   147   1860   924   219   494   222   255   335   227   642   237   495   246   232   356   216   225   326   251   216   522   375   240   563   240   216   539   216   370   210   240   207   240   369   469   328   213   595   243   216   246   348   237   216   282   246   243   216   131   0   0   0   0   0   0   0   0   
0   375   0   0   0   0   0   0   320   0   66   368   30   30   93   30   285   280   30   30   63   227   51   39   694   280   30   110   30   48   30   30   268   30   175   39   30   160   30   30   101   50   30   160   30   30   220   30   30   220   30   162   30   30   30   30   190   225   90   30   327   39   30   30   90   30   30   63   45   30   30   30   0   0   0   0   0   0   0   0   
0   0   36   0   0   0   0   0   393   186   0   252   180   180   180   165   165   180   180   180   201   213   204   177   714   180   180   180   180   210   180   165   207   180   180   174   180   180   180   180   186   180   165   165   180   165   165   165   165   165   165   165   165   180   180   180   210   165   180   165   429   189   225   180   180   165   180   198   180   165   165   165   0   0   0   0   0   0   0   0   
0   0   424   0   0   0   0   0   1554   493   396   0   360   480   360   468   435   579   447   474   466   597   490   501   520   492   360   452   360   671   410   432   438   432   463   450   399   432   360   432   381   432   360   432   1692   432   663   414   360   468   360   414   360   414   360   414   396   507   393   586   1366   557   360   432   360   432   360   465   375   450   360   432   0   0   0   0   0   0   0   0   
0   0   0   0   0   0   0   0   207   6   36   72   0   0   0   0   0   0   0   0   33   27   21   9   471   0   0   0   0   45   63   0   27   0   0   9   0   0   0   0   21   0   0   0   0   0   0   0   0   0   0   0   0   0   0   0   30   0   0   0   279   9   0   0   0   0   0   33   15   0   0   0   0   0   0   0   0   0   0   0   
0   0   0   0   0   336   0   0   215   6   36   172   0   0   60   0   60   60   0   0   36   67   21   9   587   60   0   20   0   48   0   0   54   0   20   9   0   0   0   0   21   0   0   0   0   0   0   0   0   0   0   0   0   0   0   0   30   0   0   0   261   9   0   0   0   0   0   33   15   0   0   0   0   0   0   0   0   0   0   0   
0   0   0   0   0   0   350   0   210   231   36   72   0   225   0   0   0   315   0   0   33   302   21   9   665   315   0   0   0   273   0   0   39   210   0   9   0   0   0   0   21   0   0   0   0   0   0   0   0   0   0   0   0   0   0   0   30   0   0   0   279   9   63   0   0   0   0   33   15   0   0   0   0   0   0   0   0   0   0   0   
0   0   0   0   0   0   377   0   155   6   33   162   0   0   0   0   60   45   0   0   33   57   21   9   815   45   0   20   0   36   0   0   78   0   20   9   0   0   0   0   21   0   0   70   0   0   66   0   0   0   0   0   0   0   0   0   30   0   0   0   291   9   0   0   0   0   0   36   15   0   0   0   0   0   0   0   0   0   0   0   
0   21   0   0   0   0   0   0   972   120   33   219   0   72   0   72   0   168   55   72   93   134   100   118   364   147   0   72   0   187   258   54   43   54   43   72   39   104   0   54   21   54   0   280   456   123   105   72   0   201   0   122   0   72   0   72   86   293   58   81   768   81   0   72   25   72   0   111   15   72   0   84   0   0   0   0   0   0   0   0   
0   360   0   0   0   0   0   0   1060   118   36   380   0   72   171   54   180   0   59   60   81   202   75   99   499   204   0   250   43   166   48   68   171   72   73   90   39   152   0   72   56   72   0   145   306   72   105   84   0   249   0   154   0   72   0   72   106   285   68   78   744   81   0   72   35   72   0   105   15   72   0   72   0   0   0   0   0   0   0   0   
0   0   99   0   0   0   0   0   284   6   36   507   0   0   0   0   275   295   0   0   33   207   27   9   846   290   0   110   0   24   0   0   305   0   110   9   0   260   0   0   141   0   0   190   0   0   310   0   0   295   0   260   0   0   0   0   210   405   115   0   231   9   60   0   110   0   0   33   15   0   0   0   0   0   0   0   0   0   0   0   
0   0   318   0   0   0   0   0   230   6   36   167   0   0   0   0   60   50   0   0   36   60   24   9   614   45   0   20   0   24   0   0   78   0   20   9   0   0   0   0   21   0   0   0   0   0   60   0   0   0   0   0   0   0   0   0   30   0   0   0   225   9   0   0   0   0   0   33   15   0   0   0   0   0   0   0   0   0   0   0   
0   0   0   0   0   57   0   0   341   156   186   397   150   150   150   150   308   304   150   153   0   261   177   108   821   304   150   195   150   177   220   150   293   150   226   159   150   244   150   150   206   160   150   250   150   150   287   150   150   285   150   250   150   150   150   135   274   285   196   150   381   159   150   135   200   150   150   186   150   135   135   108   0   0   0   0   0   0   0   0   
0   0   0   0   0   390   0   0   753   215   177   533   135   183   235   171   330   315   171   174   202   0   193   174   903   401   135   221   135   273   167   181   272   183   230   207   135   323   135   183   171   188   135   243   155   183   330   183   135   360   135   250   150   183   135   183   299   294   212   187   545   192   150   183   190   198   135   216   150   201   153   183   0   0   0   0   0   0   0   0   
0   0   0   0   0   0   72   0   372   111   141   461   105   105   105   105   340   292   108   108   144   282   0   114   839   310   90   155   105   141   105   105   277   105   210   114   105   225   105   105   161   130   105   225   105   105   285   105   105   275   105   217   105   105   105   105   245   283   190   105   345   114   165   105   185   105   105   138   120   105   105   105   0   0   0   0   0   0   0   0   
0   0   0   0   0   0   366   0   306   51   81   378   45   45   45   45   270   255   45   45   75   206   69   0   716   265   45   105   45   45   45   45   158   45   145   54   45   175   45   45   73   55   45   165   45   45   300   45   45   220   45   171   45   45   45   45   195   228   100   45   267   54   45   45   100   45   45   81   60   45   45   30   0   0   0   0   0   0   0   0   
0   33   0   0   0   0   0   0   2292   907   999   355   933   1077   1014   1012   547   805   1095   1075   1032   1026   1031   883   0   476   887   906   957   1236   1175   923   818   1007   803   946   1002   831   811   967   966   1070   914   692   1350   1097   474   997   931   594   958   520   983   907   766   976   726   650   840   1013   1671   919   775   957   673   916   887   970   905   943   914   913   0   0   0   0   0   0   0   0   
0   321   0   0   0   0   0   0   986   118   36   204   0   72   276   54   75   120   58   54   90   163   96   108   272   0   0   252   192   339   48   72   33   93   38   90   39   72   0   72   21   81   0   75   306   78   0   84   0   144   0   84   0   72   0   72   36   176   33   78   873   81   0   72   0   72   0   105   15   72   0   90   0   0   0   0   0   0   0   0   
0   0   0   0   0   0   0   0   207   6   36   72   0   0   0   0   0   0   0   0   33   27   18   9   454   0   0   0   0   84   0   0   3   21   0   9   0   0   0   0   21   0   0   0   0   0   0   0   0   0   0   0   0   0   0   0   30   0   0   0   348   9   66   0   0   0   0   33   15   0   0   0   0   0   0   0   0   0   0   0   
0   0   616   0   0   0   0   0   492   42   36   156   0   24   0   24   60   707   22   24   43   135   35   41   521   712   0   0   0   78   16   27   33   96   20   33   0   24   0   24   21   24   0   24   0   24   85   18   0   29   0   18   0   18   0   18   32   35   11   30   381   28   0   19   0   24   0   57   15   24   0   24   0   0   0   0   0   0   0   0   
0   0   0   0   0   235   0   0   210   6   36   72   0   0   0   0   0   200   0   0   33   27   21   9   500   960   0   0   0   69   65   0   3   21   0   9   0   0   0   0   21   0   0   0   0   0   0   0   0   0   0   0   0   0   0   0   30   0   0   0   231   9   0   0   0   0   0   33   15   0   0   0   0   0   0   0   0   0   0   0   
0   0   0   0   0   575   0   0   215   60   78   364   81   96   159   60   236   202   24   24   60   205   81   9   871   958   204   134   165   0   216   186   285   171   170   177   168   268   114   42   81   60   42   106   78   99   232   117   132   193   96   274   81   96   72   42   157   284   42   24   384   123   108   78   99   96   78   75   39   42   42   0   0   0   0   0   0   0   0   0   
0   0   0   0   0   0   409   0   448   6   36   144   225   0   0   0   348   48   0   0   260   59   21   9   825   48   0   16   226   72   0   0   371   21   40   9   225   32   0   0   35   13   0   32   0   0   48   0   0   48   0   32   0   0   0   0   62   54   16   0   270   9   60   0   16   0   0   33   15   0   0   0   0   0   0   0   0   0   0   0   
0   0   0   0   0   0   336   0   192   6   33   132   0   0   0   0   45   90   0   0   33   99   21   9   521   63   0   31   0   78   0   0   43   75   36   9   0   22   0   0   31   0   0   0   0   0   75   0   0   11   0   0   0   0   0   0   30   22   11   0   249   9   0   0   0   0   0   36   15   0   0   0   0   0   0   0   0   0   0   0   
0   60   0   0   0   0   0   0   712   133   120   140   84   107   81   68   71   123   121   81   113   121   118   69   493   51   15   51   15   147   245   43   0   51   21   45   28   33   15   33   36   33   15   86   181   39   15   39   15   69   15   39   15   39   15   39   51   98   48   46   724   48   15   41   15   41   15   74   30   47   15   46   0   0   0   0   0   0   0   0   
0   378   0   0   0   0   0   0   222   6   36   132   0   0   57   0   45   60   0   0   33   67   21   9   610   129   69   92   69   135   69   87   72   0   71   90   69   69   69   24   90   69   69   18   15   15   15   0   0   0   0   0   0   0   0   0   27   0   0   0   255   9   0   0   0   0   0   33   15   0   0   0   0   0   0   0   0   0   0   0   
0   0   81   0   0   0   0   0   506   50   36   194   0   24   0   19   95   121   22   24   53   67   50   50   542   114   0   24   0   90   24   30   33   39   0   36   13   84   0   24   21   24   0   120   68   93   147   93   69   205   84   153   51   90   54   48   147   232   100   42   662   99   196   36   96   102   72   75   15   18   0   18   0   0   0   0   0   0   0   0   
0   0   336   0   0   0   0   0   279   51   78   222   45   45   45   45   135   150   45   45   78   115   66   57   604   150   45   65   45   117   45   45   78   90   80   0   45   75   45   63   66   45   45   75   45   45   156   45   45   90   45   75   45   45   45   60   105   90   60   60   393   54   45   60   60   45   45   96   90   75   75   45   0   0   0   0   0   0   0   0   
0   0   0   0   0   39   0   0   272   6   36   267   0   0   0   0   195   195   0   0   33   27   21   9   664   195   0   0   0   72   63   0   68   21   65   9   0   130   0   0   21   0   0   130   0   0   195   0   0   195   0   130   0   0   0   0   160   195   65   0   303   9   0   0   65   0   0   33   15   0   0   0   0   0   0   0   0   0   0   0   
0   0   0   0   0   306   0   0   357   34   36   132   0   0   0   0   55   86   52   0   60   101   53   39   485   60   0   20   0   140   32   6   18   31   32   15   26   0   0   0   21   0   0   0   134   0   0   0   0   36   0   0   0   0   0   0   34   54   22   4   619   9   0   0   0   0   0   33   15   16   0   12   0   0   0   0   0   0   0   0   
0   0   0   0   0   0   0   0   204   6   36   72   0   0   0   0   0   0   0   0   30   27   21   9   486   0   0   0   0   54   0   0   3   21   0   9   0   0   0   0   21   0   0   0   0   0   0   0   0   0   0   0   0   0   0   0   30   0   0   0   267   9   0   0   0   0   0   33   15   0   0   0   0   0   0   0   0   0   0   0   
0   0   0   0   0   0   306   0   186   6   36   132   0   0   0   0   45   60   0   0   30   67   21   9   573   60   0   20   0   30   0   0   18   72   20   15   0   0   0   0   21   0   0   0   0   0   0   0   0   0   0   0   0   0   0   0   30   0   0   0   291   9   0   0   0   0   0   33   15   0   0   0   0   0   0   0   0   0   0   0   
0   0   0   0   0   0   0   0   368   121   138   177   105   105   105   105   105   112   129   105   142   135   137   101   580   105   105   105   105   141   119   107   108   126   105   114   105   105   105   105   0   105   105   105   105   105   105   105   105   109   105   105   105   105   105   105   137   122   116   107   546   114   105   105   105   105   105   141   120   105   105   105   0   21   0   0   0   0   0   0   
0   0   0   0   0   0   0   0   236   10   36   132   0   0   0   0   45   60   0   0   32   68   27   11   576   78   0   20   0   36   17   0   18   21   20   9   0   0   0   0   21   0   0   0   0   0   0   0   0   4   0   0   0   0   0   0   32   16   4   2   312   9   0   0   0   0   0   33   15   0   0   0   0   309   0   0   0   0   0   0   
0   0   0   0   0   0   0   0   204   6   33   72   0   0   0   0   0   0   0   0   30   27   21   9   485   0   0   0   0   30   0   0   3   21   0   9   0   0   0   0   21   0   0   0   0   0   0   0   0   0   0   0   0   0   0   0   30   0   0   0   330   9   0   0   0   0   0   36   15   0   0   0   0   0   0   0   0   0   0   0   
0   0   0   0   0   0   0   0   746   32   33   132   0   0   0   14   690   89   38   0   60   83   57   33   942   71   0   20   0   82   32   0   235   54   44   15   26   0   0   0   21   0   0   0   852   0   0   0   0   36   0   0   0   0   0   0   34   78   22   4   773   9   0   0   0   0   0   38   15   0   0   6   0   0   675   0   0   0   0   0   
0   0   0   0   0   0   0   0   407   6   36   552   0   0   0   0   850   110   0   0   30   53   21   9   1504   102   0   0   0   42   0   0   355   3   36   9   0   60   0   0   21   0   0   324   0   0   100   0   0   101   0   478   0   0   0   0   96   166   37   0   303   9   0   0   33   0   0   33   15   0   0   0   0   0   0   0   0   490   0   0   
0   0   0   0   0   0   0   0   224   6   33   132   0   0   0   0   313   52   0   0   30   67   21   9   1015   57   0   20   0   51   0   0   23   3   41   9   0   0   0   0   21   0   0   0   0   0   0   0   0   0   0   0   0   0   0   0   30   0   0   0   267   9   0   0   0   0   0   36   15   0   0   0   0   0   0   0   0   468   0   0   
0   0   0   0   0   0   0   0   697   44   33   387   0   0   0   240   21   21   62   225   72   68   70   273   233   0   0   250   0   124   48   229   3   3   39   258   39   0   0   0   21   0   0   0   306   0   0   0   0   54   0   0   0   0   0   0   36   105   33   6   874   9   0   0   0   0   0   39   15   0   0   9   0   0   0   0   0   0   316   0   
0   0   0   0   0   0   0   0   225   6   33   117   0   0   0   0   63   62   0   0   30   67   21   9   563   58   0   15   0   57   0   0   24   0   89   9   0   0   0   0   21   0   0   0   0   0   0   0   0   0   0   0   0   0   0   0   30   0   0   0   324   9   0   0   0   0   0   36   15   0   0   0   0   0   0   0   0   0   300   0   
0   0   0   0   0   0   0   0   204   6   33   72   0   0   0   0   0   0   0   0   30   27   21   9   486   0   0   0   0   60   0   0   3   0   21   9   0   0   0   0   21   0   0   0   0   0   0   0   0   0   0   0   0   0   0   0   30   0   0   0   297   9   0   0   0   0   0   36   15   0   0   0   0   0   0   0   0   0   0   0   
0   0   0   0   0   0   0   0   685   44   33   387   0   0   0   0   345   366   59   0   69   210   66   44   593   345   0   70   0   109   48   3   173   0   169   18   39   180   0   0   41   20   0   180   306   0   270   0   0   0   0   180   0   0   0   0   216   374   123   6   858   9   0   0   90   0   0   36   15   0   0   4   0   363   0   0   0   0   0   0   
0   0   0   0   0   0   0   0   204   6   33   72   0   0   0   0   0   0   0   0   30   27   21   9   493   0   0   0   0   48   0   0   3   0   24   9   0   0   0   0   21   0   0   0   0   0   0   0   0   0   0   0   0   0   0   0   30   0   0   0   279   9   0   0   0   0   0   36   15   0   0   0   0   0   0   0   0   0   0   0   
0   0   0   0   0   0   0   0   426   34   33   117   0   0   0   0   70   88   52   0   62   84   53   41   291   70   0   15   0   164   32   0   23   0   103   15   26   0   0   0   21   0   0   0   1206   0   0   0   0   36   0   0   0   0   0   0   34   78   22   4   531   9   0   0   0   0   0   36   15   0   0   8   0   0   300   0   0   0   0   0   
0   0   0   0   0   0   0   0   186   6   33   72   0   0   0   0   0   0   0   0   30   30   21   9   505   0   0   0   0   45   0   0   3   0   15   9   0   0   0   0   21   0   0   0   0   0   0   0   0   0   0   0   0   0   0   0   30   0   0   0   348   9   0   0   0   0   0   36   15   0   0   0   0   0   0   0   0   0   0   0   
0   0   0   0   0   0   0   0   224   6   36   117   0   0   0   0   60   60   0   0   30   67   21   9   518   60   0   15   0   48   0   0   23   0   38   9   0   0   0   0   21   0   0   0   0   0   0   0   0   0   0   0   0   0   0   0   30   0   0   0   267   9   0   0   0   0   0   33   15   0   0   0   0   0   0   0   0   300   0   0   
0   0   0   0   0   0   0   0   171   6   36   72   0   0   0   0   0   0   0   0   30   27   21   9   437   0   0   0   0   24   0   0   3   0   18   9   0   0   0   0   21   0   0   0   0   0   0   0   0   0   0   0   0   0   0   0   30   0   0   0   225   9   0   0   0   0   0   33   15   0   0   0   0   0   0   0   0   0   0   0   
0   0   0   0   0   0   0   0   164   6   36   117   0   0   0   0   60   60   0   0   27   67   21   9   549   60   0   15   0   30   0   0   23   0   92   12   0   0   0   0   21   0   0   0   0   0   0   0   0   0   0   0   0   0   0   0   30   0   0   0   246   9   0   0   0   0   0   33   15   0   0   0   0   0   0   0   0   0   300   0   
0   0   0   0   0   0   0   0   509   182   186   252   150   150   150   150   190   194   186   150   210   225   199   185   552   180   150   160   150   241   182   150   183   135   217   165   176   170   150   150   181   160   150   170   354   150   180   150   150   216   150   170   150   150   150   150   0   260   182   154   738   159   150   150   160   150   150   183   165   150   150   156   0   36   0   0   0   0   0   0   
0   0   0   0   0   0   0   0   625   45   33   498   0   0   0   0   483   473   81   0   68   257   71   48   697   460   0   100   0   188   50   6   318   0   319   18   39   262   0   0   106   80   0   270   312   0   405   0   0   454   0   278   0   0   0   0   316   0   153   6   757   9   0   0   120   0   0   38   15   0   0   6   0   372   0   0   0   0   0   0   
0   0   0   0   0   0   0   0   346   18   36   237   0   0   0   0   170   172   23   0   44   148   44   20   627   165   0   55   0   30   16   3   168   0   121   12   13   110   0   0   76   20   0   110   102   0   165   0   0   183   0   110   0   0   0   0   142   189   0   2   389   9   0   0   55   0   0   33   15   0   0   0   0   0   33   0   0   0   0   0   
0   0   0   0   0   0   0   0   149   6   33   781   0   0   0   0   105   90   0   0   30   87   21   9   636   90   0   50   0   24   0   0   58   0   86   12   0   20   0   0   31   10   0   20   0   0   30   0   0   30   0   20   0   0   0   0   50   30   10   0   219   9   0   0   10   0   0   36   15   0   0   0   0   0   480   0   0   0   0   0   
0   0   0   0   0   0   0   0   691   435   381   2102   387   369   471   327   940   912   339   333   333   549   393   327   1478   1009   468   525   387   468   342   381   1000   363   718   513   447   763   447   387   610   428   474   901   459   339   1138   528   489   898   399   667   444   459   333   390   814   881   489   303   0   486   489   342   658   477   465   426   342   390   423   399   0   0   0   0   0   204   0   0   
0   0   0   0   0   0   0   0   251   51   81   744   45   45   45   45   105   105   45   45   75   112   66   54   550   105   45   65   45   99   45   45   68   45   98   54   45   45   45   45   66   45   45   45   45   45   45   45   45   45   45   45   45   45   45   45   75   45   45   45   402   0   45   45   45   45   45   78   60   45   45   45   0   0   0   0   0   449   0   0   
0   0   0   0   0   0   0   0   204   6   258   72   0   0   225   0   0   0   225   0   30   30   246   9   404   0   240   0   0   36   225   0   3   0   316   9   0   0   0   0   21   0   0   0   0   0   0   0   0   0   0   0   0   0   0   0   30   0   0   0   309   9   0   0   0   0   0   36   15   0   0   0   0   0   0   0   0   0   307   0   
0   0   0   0   0   0   0   0   230   6   36   135   0   0   0   0   60   60   0   0   27   67   21   9   528   60   0   20   0   42   0   0   23   0   69   12   0   0   0   0   21   0   0   0   0   0   0   0   0   0   0   0   0   0   0   0   30   0   0   0   282   9   0   0   0   0   0   33   15   0   0   0   0   0   0   0   0   0   320   0   
0   0   0   0   0   0   0   0   354   18   36   72   0   0   0   0   5   7   22   0   45   38   42   20   348   0   0   0   0   51   16   0   3   0   24   12   13   0   0   0   21   0   0   0   102   0   0   0   0   18   0   0   0   0   0   0   32   24   11   2   518   9   0   0   0   0   0   33   15   0   0   3   0   0   0   0   0   0   0   0   
0   0   0   0   0   0   0   0   221   6   33   132   0   0   0   0   60   60   0   0   30   70   21   9   522   60   0   20   0   48   0   0   33   0   39   9   0   0   0   0   21   0   0   0   0   0   0   0   0   0   0   0   0   0   0   0   30   0   0   0   309   9   0   0   0   0   0   36   15   0   0   0   0   330   0   0   0   0   0   0   
0   0   0   0   0   0   0   0   204   6   36   72   0   0   0   0   0   0   0   0   30   27   21   9   474   0   0   0   0   42   0   0   3   0   24   9   0   0   0   0   21   0   0   0   0   0   0   0   0   0   0   0   0   0   0   0   30   0   0   0   309   9   0   0   0   0   0   33   15   0   0   0   0   0   0   0   0   0   0   0   
0   0   0   0   0   0   0   0   398   171   198   297   165   165   165   180   255   225   165   165   210   232   186   189   681   225   165   185   165   195   165   180   188   165   252   192   165   165   165   165   201   165   180   190   165   180   195   180   180   180   180   180   180   165   165   165   195   190   165   180   426   174   180   165   165   180   165   0   195   180   180   180   0   0   369   0   0   0   0   0   
0   0   0   0   0   0   0   0   270   81   108   147   75   75   75   75   75   75   75   75   102   102   96   84   543   75   75   75   75   99   75   75   78   75   75   90   75   75   75   75   96   75   75   75   75   75   75   75   75   75   75   75   75   75   75   75   105   75   75   75   318   84   75   75   75   75   75   111   0   75   75   75   0   0   0   0   0   15   0   0   
0   0   0   0   0   0   0   0   227   6   33   147   0   0   0   0   60   60   0   0   27   93   21   9   506   60   0   20   0   30   0   0   55   0   15   15   0   24   0   0   21   0   0   0   0   0   0   0   0   0   0   0   0   0   0   0   30   0   0   0   282   9   0   0   0   0   0   36   15   0   0   0   0   0   0   0   0   339   0   0   
0   0   0   0   0   0   0   0   204   6   33   72   0   0   0   0   0   0   0   0   27   33   21   9   457   0   0   0   0   30   0   0   3   0   0   15   0   0   0   0   21   0   0   0   0   0   0   0   0   0   0   0   0   0   0   0   30   0   0   0   291   9   0   0   0   0   0   36   15   0   0   0   0   0   0   0   0   0   0   0   
0   0   0   0   0   0   0   0   171   6   33   132   0   0   0   0   92   60   0   0   24   71   21   6   539   104   0   20   0   0   0   0   36   0   15   9   0   12   0   0   21   0   0   20   0   0   37   0   0   20   0   24   0   0   0   0   52   17   0   0   255   9   0   0   11   0   0   36   15   0   0   0   0   0   0   0   0   0   362   0   
0   0   0   0   0   0   0   0   0   0   0   0   0   0   0   0   0   0   0   0   0   0   0   0   0   0   0   0   0   0   0   0   0   0   0   0   0   0   0   0   0   0   0   0   0   0   0   0   0   0   0   0   0   0   0   0   0   0   0   0   0   0   0   0   0   0   0   0   0   0   0   0   0   0   0   0   0   0   0   0   
0   0   0   0   0   0   0   0   0   0   0   0   0   0   0   0   0   0   0   0   0   0   0   0   0   0   0   0   0   0   0   0   0   0   0   0   0   0   0   0   210   740   0   0   0   0   0   0   0   1180   0   0   0   0   0   0   360   1420   0   0   0   0   0   0   0   750   0   0   0   0   0   0   0   0   0   0   0   0   0   0   
0   0   0   0   0   0   0   0   0   0   0   0   0   0   0   0   0   0   0   0   0   0   0   0   0   0   0   0   0   0   0   0   0   0   0   0   0   0   0   0   0   0   0   4050   0   0   0   0   0   0   0   700   0   0   0   0   0   0   330   2150   0   0   0   0   0   0   0   1140   0   0   0   0   0   0   0   0   0   0   0   0   
0   0   0   0   0   0   0   0   0   0   0   0   0   0   0   0   0   0   0   0   0   0   0   0   0   0   0   0   0   0   0   0   0   0   0   0   0   0   0   0   0   0   0   0   0   0   0   0   0   0   0   0   0   0   0   0   0   0   0   0   0   0   0   0   0   0   0   0   0   0   0   0   0   0   0   0   0   0   0   0   
0   0   0   0   0   0   0   0   0   0   0   0   0   0   0   0   0   0   0   0   0   0   0   0   0   0   0   0   0   0   0   0   0   0   0   0   0   0   0   0   0   0   0   0   0   0   0   0   0   0   0   0   0   0   0   0   0   0   0   0   0   0   0   0   0   0   0   0   0   0   0   0   0   0   0   0   0   0   0   0   
0   0   0   0   0   0   0   0   0   0   0   0   0   0   0   0   0   0   0   0   0   0   0   0   0   0   0   0   0   0   0   0   0   0   0   0   0   0   0   0   0   0   0   0   4880   2160   0   0   0   0   0   0   0   700   0   0   0   0   0   0   2040   1960   0   0   0   0   0   0   150   840   0   0   0   0   0   0   0   0   0   0   
0   0   0   0   0   0   0   0   0   0   0   0   0   0   0   0   0   0   0   0   0   0   0   0   0   0   0   0   0   0   0   0   0   0   0   0   0   0   0   0   0   0   0   0   0   0   3160   700   0   0   0   0   0   0   0   700   0   0   0   0   0   0   3070   745   0   0   0   0   0   0   0   1070   0   0   0   0   0   0   0   0   
0   0   0   0   0   0   0   0   0   0   0   0   0   0   0   0   0   0   0   0   0   0   0   0   0   0   0   0   0   0   0   0   0   0   0   0   0   0   0   0   0   0   0   0   0   0   0   0   0   0   0   0   0   0   0   0   0   0   0   0   0   0   0   0   0   0   0   0   0   0   0   0   0   0   0   0   0   0   0   0   
