0   0   0   0   0   0   0   0   0   0   0   0   0   0   0   0   0   0   0   0   0   0   0   0   0   0   0   0   0   0   0   0   0   0   0   0   0   0   0   0   0   0   0   0   0   0   0   0   0   0   0   0   0   0   0   0   0   0   0   0   0   0   0   0   0   0   0   0   0   0   0   0   0   0   0   0   0   0   0   0   
0   0   0   0   0   0   0   0   3820   0   0   0   0   0   0   0   4450   770   0   0   0   0   0   0   2995   730   0   0   0   0   0   0   4180   815   0   0   0   0   0   0   0   0   0   0   0   0   0   0   0   0   0   0   0   0   0   0   0   0   0   0   0   0   0   0   0   0   0   0   0   0   0   0   0   0   0   0   0   0   0   0   
0   0   0   0   0   0   0   0   0   0   2875   120   0   0   0   0   0   0   2550   840   0   0   0   0   0   0   3560   840   0   0   0   0   0   0   4080   810   0   0   0   0   0   0   0   0   0   0   0   0   0   0   0   0   0   0   0   0   0   0   0   0   0   0   0   0   0   0   0   0   0   0   0   0   0   0   0   0   0   0   0   0   
0   0   0   0   0   0   0   0   0   0   0   0   0   0   0   0   0   0   0   0   0   0   0   0   0   0   0   0   0   0   0   0   0   0   0   0   0   0   0   0   0   0   0   0   0   0   0   0   0   0   0   0   0   0   0   0   0   0   0   0   0   0   0   0   0   0   0   0   0   0   0   0   0   0   0   0   0   0   0   0   
0   0   0   0   0   0   0   0   0   0   0   0   0   0   0   0   0   0   0   0   0   0   0   0   0   0   0   0   0   0   0   0   0   0   0   0   0   0   0   0   0   0   0   0   0   0   0   0   0   0   0   0   0   0   0   0   0   0   0   0   0   0   0   0   0   0   0   0   0   0   0   0   0   0   0   0   0   0   0   0   
0   0   0   0   0   0   0   0   0   0   0   0   3060   880   0   0   0   0   0   0   3560   790   0   0   0   0   0   0   3370   960   0   0   0   0   0   0   3520   1040   0   0   0   0   0   0   0   0   0   0   0   0   0   0   0   0   0   0   0   0   0   0   0   0   0   0   0   0   0   0   0   0   0   0   0   0   0   0   0   0   0   0   
0   0   0   0   0   0   0   0   0   0   0   0   0   0   8830   1310   0   0   0   0   0   0   3690   770   0   0   0   0   0   0   8390   670   0   0   0   0   0   0   3390   930   0   0   0   0   0   0   0   0   0   0   0   0   0   0   0   0   0   0   0   0   0   0   0   0   0   0   0   0   0   0   0   0   0   0   0   0   0   0   0   0   
0   0   0   0   0   0   0   0   0   0   0   0   0   0   0   0   0   0   0   0   0   0   0   0   0   0   0   0   0   0   0   0   0   0   0   0   0   0   0   0   0   0   0   0   0   0   0   0   0   0   0   0   0   0   0   0   0   0   0   0   0   0   0   0   0   0   0   0   0   0   0   0   0   0   0   0   0   0   0   0   
0   384   0   0   0   0   0   0   0   638   792   740   705   672   750   770   690   640   665   745   667   650   702   763   672   664   646   775   706   694   840   730   660   669   682   735   701   673   668   1611   680   671   638   780   644   664   697   793   687   671   665   753   656   1684   675   746   692   668   711   765   641   685   782   846   797   687   661   764   698   665   687   1506   0   0   0   0   0   0   0   0   
0   0   0   0   0   0   0   0   1074   0   56   12   193   3   268   54   12   0   0   15   0   0   0   0   0   0   0   0   0   0   30   0   0   0   3   0   0   0   0   0   0   0   39   24   0   21   36   42   0   0   0   0   0   821   0   6   27   0   18   0   0   9   95   66   142   0   0   0   0   0   0   0   0   0   0   0   0   0   0   0   
0   0   292   0   0   0   0   0   1814   265   0   272   314   308   466   324   312   270   270   285   290   260   260   260   300   270   270   270   300   255   295   260   300   270   263   270   300   265   260   270   1030   270   299   284   300   291   301   302   290   270   260   270   295   1085   255   261   322   265   272   274   300   279   541   318   420   270   270   265   295   265   270   270   0   0   0   0   0   0   0   0   
0   0   12   0   0   0   0   0   1148   60   115   0   84   115   132   114   263   66   60   75   60   60   60   45   60   60   60   60   60   60   90   60   60   60   63   60   60   60   60   60   60   60   99   84   60   81   267   102   60   60   60   60   60   905   60   66   87   60   78   60   60   81   185   154   226   60   60   60   60   60   60   60   0   0   0   0   0   0   0   0   
0   0   0   0   0   310   0   0   1352   925   172   117   0   108   215   159   132   105   216   120   120   105   105   105   120   105   105   105   120   105   216   105   120   105   108   105   120   105   105   105   120   600   144   129   135   126   141   147   120   120   105   105   120   895   105   111   147   105   123   105   120   114   190   165   244   105   105   105   123   105   105   105   0   0   0   0   0   0   0   0   
0   0   0   0   0   90   0   0   1144   15   247   277   39   0   339   69   27   15   15   30   184   15   15   15   15   15   15   15   15   15   45   15   15   15   18   15   15   15   15   15   15   15   51   39   15   36   51   57   15   15   15   15   15   906   15   21   42   15   21   15   15   24   138   80   158   15   15   15   15   15   15   15   0   0   0   0   0   0   0   0   
0   0   0   0   0   0   1089   0   1458   703   1055   372   534   915   0   454   372   713   360   375   360   690   513   360   360   690   360   360   345   690   390   360   360   690   363   360   360   360   360   360   360   360   1259   384   360   381   396   402   360   360   360   360   360   1150   360   366   387   360   378   360   360   369   656   422   482   360   360   360   360   360   360   360   0   0   0   0   0   0   0   0   
0   0   0   0   0   0   133   0   1390   270   327   282   294   273   542   0   282   270   270   285   270   270   270   270   415   270   270   270   270   270   300   270   270   270   273   270   270   270   270   270   270   270   309   294   270   291   447   312   270   270   270   270   270   1071   270   276   297   270   288   270   270   291   372   337   415   270   270   270   270   270   270   270   0   0   0   0   0   0   0   0   
0   448   0   0   0   0   0   0   1174   60   129   1007   90   63   132   114   0   220   60   75   60   60   60   60   60   60   197   60   60   60   199   60   60   60   63   60   60   60   60   60   60   60   99   984   60   81   96   102   60   60   60   60   60   877   60   66   87   60   77   60   60   69   149   127   220   60   60   60   60   60   60   60   0   0   0   0   0   0   0   0   
0   79   0   0   0   0   0   0   980   0   57   32   24   3   211   54   44   0   160   220   0   0   0   0   0   0   0   0   120   0   30   0   0   0   3   0   0   0   0   0   0   0   39   24   0   21   36   42   0   0   0   0   0   864   0   6   27   0   18   0   0   9   100   67   172   0   0   0   0   0   0   0   0   0   0   0   0   0   0   0   
0   0   259   0   0   0   0   0   1153   0   57   12   519   3   72   54   12   32   0   15   215   125   0   0   0   0   0   0   0   0   147   0   0   0   3   0   0   0   0   0   0   0   39   24   470   21   36   42   0   0   0   0   0   841   0   6   27   0   18   0   0   9   231   76   181   0   0   0   0   0   0   0   0   0   0   0   0   0   0   0   
0   0   84   0   0   0   0   0   1205   75   132   87   99   78   147   129   87   116   75   0   75   75   255   270   75   75   75   75   75   75   105   75   233   75   78   75   75   75   75   75   75   75   114   99   75   96   262   117   75   75   75   75   75   859   75   81   102   75   93   75   75   96   177   170   251   75   75   75   75   75   75   75   0   0   0   0   0   0   0   0   
0   0   0   0   0   358   0   0   1143   0   67   12   30   828   72   54   12   0   52   15   0   0   0   0   200   150   0   0   0   0   216   0   0   0   151   0   0   0   0   0   0   0   39   24   0   646   36   42   0   0   0   0   0   905   0   6   27   0   18   0   0   9   97   72   99   0   0   0   0   0   0   0   0   0   0   0   0   0   0   0   
0   0   0   0   0   82   0   0   1102   0   55   12   24   3   153   54   12   0   25   15   0   0   0   0   0   0   165   230   0   0   30   0   0   0   3   0   94   0   0   0   0   0   39   24   0   21   36   42   0   0   0   0   0   811   0   6   27   0   18   0   0   9   79   60   106   0   0   0   0   0   0   0   0   0   0   0   0   0   0   0   
0   0   0   0   0   0   373   0   1136   0   55   12   24   3   812   54   12   0   0   51   0   0   0   0   0   0   0   0   170   160   30   0   0   0   3   0   0   0   140   0   0   0   39   24   0   21   706   42   0   0   0   0   0   814   0   6   27   0   18   0   0   9   188   66   105   0   0   0   0   0   0   0   0   0   0   0   0   0   0   0   
0   0   0   0   0   0   77   0   1171   0   55   9   24   3   72   54   12   0   0   54   0   0   0   0   0   0   0   0   0   0   220   195   0   0   3   0   0   0   0   0   151   0   39   24   0   21   222   42   0   0   0   0   0   726   0   6   27   0   18   0   0   21   103   66   95   3   0   29   0   0   0   0   0   0   0   0   0   0   0   0   
0   307   0   0   0   0   0   0   1164   0   69   12   30   3   72   749   12   0   0   15   50   0   0   0   0   0   0   0   0   0   121   0   175   135   3   0   0   0   0   0   0   0   179   24   0   21   36   562   0   0   0   0   0   772   0   6   27   0   18   0   0   9   87   99   113   39   0   0   0   0   0   0   0   0   0   0   0   0   0   0   
0   73   0   0   0   0   0   0   1156   0   57   12   24   3   178   54   12   0   0   15   30   0   0   0   0   0   0   0   0   0   30   0   0   0   188   180   0   0   0   0   0   0   39   24   111   21   36   42   0   0   0   0   0   978   0   6   27   0   18   0   0   9   88   75   93   43   0   0   0   0   0   0   0   0   0   0   0   0   0   0   
0   0   361   0   0   0   0   0   1094   0   57   12   24   3   72   54   642   0   0   15   0   33   0   0   0   0   0   0   0   0   30   0   0   0   3   0   215   215   0   0   0   0   39   24   0   21   164   42   750   0   0   0   0   805   0   6   27   0   18   0   0   9   173   94   97   39   0   0   0   0   0   0   0   0   0   0   0   0   0   0   
0   0   87   0   0   0   0   0   1203   0   57   12   24   3   72   54   12   0   0   15   0   49   0   0   0   0   0   0   0   0   30   0   0   0   3   0   0   0   195   225   0   0   39   24   0   21   177   42   184   0   0   0   0   769   0   6   27   0   17   0   0   21   103   65   73   95   0   0   0   0   0   0   0   0   0   0   0   0   0   0   
0   0   0   0   0   340   0   0   1231   0   69   12   30   3   69   54   12   570   0   15   0   0   45   0   0   0   0   0   0   0   121   0   0   0   3   0   0   0   0   0   230   140   36   24   0   21   36   42   0   685   117   0   0   816   0   6   27   0   7   0   0   9   83   90   109   39   0   0   0   0   0   0   0   0   0   0   0   0   0   0   
0   0   0   0   0   97   0   0   1186   0   54   12   24   3   188   54   12   0   0   15   0   0   32   0   0   0   0   0   0   0   30   0   0   0   3   0   0   0   0   0   0   0   269   259   0   21   36   42   0   0   0   0   119   880   0   6   27   0   18   0   0   9   88   68   112   42   0   0   0   0   0   0   0   0   0   0   0   0   0   0   
0   0   0   0   0   0   1060   0   1572   150   206   162   504   153   222   204   507   150   715   165   501   150   150   188   480   150   150   150   480   150   0   150   492   150   153   150   480   150   150   150   150   150   189   174   310   336   186   192   150   150   720   150   150   1002   299   156   177   150   168   150   150   159   338   224   243   189   150   150   150   150   150   150   0   0   0   0   0   0   0   0   
0   0   0   0   0   0   67   0   1138   0   55   12   24   3   72   54   12   0   0   15   0   0   0   39   0   0   0   0   0   0   30   0   0   0   3   0   0   0   0   0   0   0   39   24   0   21   342   187   0   0   0   0   0   762   0   6   173   0   18   0   0   21   91   60   77   99   0   0   0   0   0   0   0   0   0   0   0   0   0   0   
0   422   0   0   0   0   0   0   1132   0   69   12   30   3   72   54   12   0   0   775   0   0   0   0   46   0   0   0   0   0   166   0   0   0   3   0   0   0   0   0   0   0   39   24   0   21   36   42   225   185   0   935   0   875   0   6   27   0   137   0   0   9   84   60   122   39   0   0   0   0   0   0   0   0   0   0   0   0   0   0   
0   84   0   0   0   0   0   0   1165   0   57   12   24   3   153   54   12   0   0   15   0   0   0   0   27   0   0   0   0   0   30   0   0   0   3   0   0   0   0   0   0   0   39   24   0   21   36   42   0   0   150   245   0   894   0   6   27   0   18   0   103   9   81   60   102   39   0   0   0   0   0   0   0   0   0   0   0   0   0   0   
0   0   412   0   0   0   0   0   1127   15   70   27   39   18   87   69   27   15   15   30   695   15   15   15   15   52   15   15   15   15   45   15   15   15   0   15   15   15   15   15   15   15   54   39   15   36   51   57   15   15   15   15   1135   1163   15   21   42   15   33   15   15   24   339   75   115   54   15   15   15   15   15   15   0   0   0   0   0   0   0   0   
0   0   81   0   0   0   0   0   1127   0   57   12   24   3   72   54   12   0   0   15   0   0   0   0   0   36   0   0   0   0   30   0   0   0   3   0   0   0   0   0   0   0   39   24   0   21   152   42   0   0   0   0   10   854   180   211   27   0   16   0   0   21   97   72   210   89   0   0   0   0   0   0   0   0   0   0   0   0   0   0   
0   0   0   0   0   354   0   0   1133   0   69   12   30   3   72   54   12   0   0   15   0   440   0   0   0   0   54   0   0   0   121   0   0   0   3   0   0   0   0   0   0   0   39   24   0   21   36   42   0   0   0   0   0   1787   0   6   252   160   18   0   0   9   94   66   80   39   153   0   0   0   0   0   0   0   0   0   0   0   0   0   
0   0   0   0   0   105   0   0   1125   0   56   12   24   3   72   54   12   0   0   15   0   0   0   0   0   0   43   0   0   0   30   0   0   0   3   0   0   0   0   0   0   0   39   24   0   21   36   42   0   0   0   0   0   844   0   6   27   0   248   270   0   9   99   73   88   43   0   0   163   1   0   0   0   0   0   0   0   0   0   0   
0   0   0   0   0   0   343   0   1160   0   55   12   24   3   72   54   12   0   0   15   0   0   670   0   0   0   0   41   0   0   30   0   0   0   3   0   0   0   0   0   0   0   39   24   0   21   36   42   0   0   0   0   0   790   665   6   27   0   18   0   190   209   79   66   70   37   0   0   0   0   153   0   0   0   0   0   0   0   0   0   
0   0   0   0   0   0   93   0   1319   0   57   12   24   3   72   54   12   0   0   15   0   0   0   0   0   0   0   46   0   0   30   0   0   0   3   0   0   0   0   0   0   0   39   24   0   21   36   42   0   0   0   0   0   896   0   6   27   0   18   0   0   21   295   319   61   73   0   30   0   0   0   0   0   0   0   0   0   0   0   0   
0   0   0   0   0   0   0   0   1132   0   227   12   30   3   72   54   12   0   0   15   0   0   0   725   0   0   0   0   55   0   30   0   0   0   3   0   0   0   0   0   0   0   39   24   0   21   36   42   0   0   0   0   0   847   0   771   27   0   18   0   0   9   88   68   386   232   0   0   0   0   0   0   0   385   0   0   0   0   0   0   
0   0   0   0   0   0   0   0   1143   0   57   12   128   3   72   54   12   0   0   15   0   0   0   0   0   0   0   0   28   0   30   0   0   0   3   0   0   0   0   0   0   0   39   24   0   21   36   42   0   0   0   0   0   768   0   6   27   0   18   0   0   9   80   66   96   45   170   265   0   0   0   0   0   88   0   0   0   0   0   0   
0   0   0   0   0   0   0   0   1204   195   250   207   219   183   445   249   207   195   195   210   195   195   195   195   835   195   195   195   180   242   225   195   195   195   198   195   195   195   195   195   195   195   0   219   195   216   231   237   195   195   195   195   195   1016   195   201   947   195   213   195   195   204   274   250   299   240   195   195   495   445   195   195   0   0   408   0   0   0   0   0   
0   0   0   0   0   0   0   0   1308   120   175   132   144   123   192   174   317   120   120   135   120   120   120   120   120   120   120   120   120   167   150   120   120   120   123   120   120   120   120   120   120   120   159   0   120   141   156   162   120   120   120   120   120   1037   120   126   147   120   138   120   120   141   205   197   207   195   162   120   120   120   395   325   0   0   120   0   0   0   0   0   
0   0   0   0   0   0   0   0   1036   0   69   12   33   3   72   54   12   0   106   15   0   0   0   0   0   525   0   0   0   0   72   0   0   0   3   0   0   0   0   0   0   0   39   24   0   21   36   42   0   0   0   0   0   852   0   6   24   565   18   0   0   9   79   92   118   3   48   0   0   0   0   0   0   0   0   0   0   224   0   0   
0   0   0   0   0   0   0   0   1144   105   162   117   129   108   177   159   117   105   105   120   236   105   105   105   105   105   105   105   105   105   170   105   105   105   108   105   105   105   105   105   105   105   144   129   105   0   141   147   105   105   105   105   105   941   105   111   132   105   126   105   105   114   194   165   213   105   183   105   105   105   105   105   0   0   0   0   0   21   0   0   
0   0   0   0   0   0   0   0   1313   180   236   522   204   183   252   564   192   180   180   525   180   180   317   524   180   180   790   510   180   180   210   547   180   180   183   510   180   180   180   180   180   180   219   204   180   201   0   222   180   180   180   180   180   1011   180   186   207   180   1048   180   180   189   259   240   301   180   258   180   180   180   180   180   0   0   0   0   0   0   877   0   
0   0   0   0   0   0   0   0   1317   210   265   222   234   213   282   264   222   210   210   225   210   210   210   210   320   210   210   210   210   210   240   240   210   210   213   210   210   210   210   210   210   210   249   234   210   231   246   0   210   210   210   210   210   991   210   216   237   210   228   210   210   231   299   276   300   210   331   210   210   210   210   210   0   0   0   0   0   0   42   0   
0   0   0   0   0   0   0   0   1136   0   67   12   30   3   72   54   12   0   0   15   0   0   0   0   0   0   162   890   0   0   30   0   55   0   3   0   0   0   0   0   0   0   39   24   0   21   36   42   0   0   0   0   0   904   0   6   27   0   18   960   0   9   89   60   90   0   54   0   0   0   0   0   0   373   0   0   0   0   0   0   
0   0   0   0   0   0   0   0   1111   0   57   12   27   3   72   54   12   0   0   15   0   0   0   0   0   0   0   0   140   0   30   0   38   0   3   0   0   0   0   0   0   0   39   24   0   21   36   42   0   0   0   0   0   881   0   6   24   0   18   60   0   9   96   111   87   0   37   0   0   0   0   0   0   15   0   0   0   0   0   0   
0   0   0   0   0   0   0   0   1113   0   55   12   24   3   72   54   12   0   0   15   0   0   0   0   0   0   0   0   530   0   150   0   0   33   3   0   0   0   0   0   0   0   39   24   0   21   36   42   0   0   0   0   0   853   0   6   27   0   18   0   590   9   82   60   89   0   55   0   0   0   0   0   0   0   228   0   0   0   0   0   
0   0   0   0   0   0   0   0   1149   0   57   12   24   3   72   54   12   0   0   15   0   0   0   0   0   0   0   0   0   0   30   0   193   51   3   0   0   0   0   0   0   0   39   24   0   21   36   42   0   0   0   0   0   897   0   6   27   0   18   0   0   21   91   60   78   0   96   0   0   0   0   0   0   0   0   0   0   0   0   0   
0   0   0   0   0   0   0   0   1128   0   68   12   30   3   72   54   12   0   0   15   0   0   0   0   0   0   0   0   0   575   30   0   0   0   246   4   0   0   0   0   0   0   39   24   0   21   36   42   0   0   0   0   0   899   0   6   27   0   18   0   0   749   92   60   81   0   44   0   0   0   0   0   0   0   0   0   0   266   0   0   
0   0   0   0   0   0   0   0   2600   897   1044   913   934   1002   946   1103   1157   1084   953   919   1129   955   918   842   960   1206   1065   885   920   1096   1098   974   1051   1078   1060   1054   1274   949   978   1040   1019   924   1040   1165   1044   1093   975   931   1136   993   1037   1161   979   0   1032   1126   1078   1200   944   1139   1149   966   1213   1190   1116   1108   1013   979   1108   1067   1095   1104   0   0   0   0   0   78   0   0   
0   0   0   0   0   0   0   0   1239   0   54   12   24   3   72   54   12   0   0   15   0   0   0   0   0   0   0   0   0   0   745   0   0   0   3   36   0   0   137   0   0   0   39   24   0   21   36   42   0   0   0   0   0   852   0   6   27   0   18   0   0   9   844   66   102   0   44   0   0   0   0   0   0   0   0   0   0   0   320   0   
0   0   0   0   0   0   0   0   1174   30   84   42   54   33   102   84   42   30   30   45   30   30   30   30   30   30   30   30   30   30   60   30   30   30   33   71   30   30   30   30   189   30   69   54   30   51   66   72   30   30   30   30   30   978   30   0   57   30   48   30   30   51   118   117   108   30   121   59   30   30   30   30   0   0   0   0   0   0   6   0   
0   0   0   0   0   0   0   0   1292   135   203   147   165   138   207   189   147   135   135   150   135   135   135   135   135   135   135   135   135   135   165   835   135   135   138   135   189   135   135   135   135   135   331   159   120   156   171   177   135   120   135   135   135   1010   135   141   0   135   151   135   135   144   227   1155   237   135   172   135   135   135   135   135   0   375   0   0   0   0   0   0   
0   0   0   0   0   0   0   0   1160   0   56   12   24   3   72   54   12   0   0   15   0   0   0   0   0   0   0   0   0   0   30   0   0   0   3   0   32   0   0   0   0   0   39   24   119   21   36   42   0   0   0   0   0   948   0   6   27   0   18   0   0   9   90   98   92   0   47   0   0   0   0   0   0   2   0   0   0   0   0   0   
0   0   0   0   0   0   0   0   1219   90   91   102   114   33   162   144   97   90   90   105   90   90   90   90   90   90   90   85   35   90   120   90   630   90   93   80   90   136   90   90   90   90   129   114   90   126   302   132   90   90   90   90   90   892   90   96   107   90   0   90   90   94   178   154   1001   90   132   90   90   90   90   90   0   0   295   0   0   0   0   0   
0   0   0   0   0   0   0   0   1157   0   61   12   24   3   72   54   12   0   0   15   0   0   0   0   0   0   0   0   0   0   30   0   0   0   3   0   0   54   0   0   0   0   39   24   0   21   36   42   195   15   0   0   0   887   0   6   27   0   18   0   0   21   91   60   65   0   65   33   0   0   0   0   0   0   0   0   0   0   0   0   
0   0   0   0   0   0   0   0   1029   0   69   12   30   3   72   54   12   0   0   15   0   0   0   0   0   0   0   0   0   0   30   0   0   490   3   0   0   0   48   0   0   0   39   24   0   21   36   42   0   0   130   0   0   885   0   6   27   0   18   0   0   9   83   60   103   720   46   0   0   0   0   0   0   0   0   0   0   242   0   0   
0   0   0   0   0   0   0   0   1153   45   102   117   69   48   117   159   57   45   45   120   45   45   45   105   45   45   45   105   45   45   75   105   45   45   48   105   45   45   86   105   45   45   84   129   45   66   81   147   45   45   45   105   199   886   45   111   72   45   62   105   45   0   144   179   162   45   90   105   45   45   45   45   0   0   0   0   0   21   0   0   
0   0   0   0   0   0   0   0   1481   366   763   426   391   372   797   451   377   372   725   404   367   367   707   391   364   367   708   394   352   365   738   396   367   367   1402   397   367   367   367   439   367   367   406   421   367   388   403   443   367   367   367   397   367   1296   526   403   394   367   385   397   366   375   0   470   448   367   1046   397   367   367   367   388   0   0   0   0   0   0   993   0   
0   0   0   0   0   0   0   0   1458   206   261   242   228   212   282   261   231   211   220   254   208   204   206   210   248   208   224   204   226   212   248   204   204   204   207   208   222   213   222   267   212   222   242   249   248   225   240   248   204   255   204   204   204   1142   206   229   426   229   234   204   204   239   297   0   283   206   283   234   208   202   204   204   0   0   0   0   0   0   57   0   
0   0   0   0   0   0   0   0   1306   235   278   227   267   237   335   244   301   330   347   223   160   173   166   168   186   178   182   114   236   233   200   126   215   203   203   778   133   153   111   82   297   229   240   184   246   238   290   201   175   164   166   135   138   1001   203   129   186   173   338   85   216   251   279   183   0   162   145   1092   119   100   72   57   0   410   0   0   0   0   0   0   
0   0   0   0   0   0   0   0   1147   0   57   12   24   3   72   54   12   0   0   15   0   0   0   15   87   87   75   115   75   78   105   159   87   75   78   129   79   79   73   113   117   101   136   111   15   21   36   42   0   0   0   0   0   880   0   6   27   0   18   0   150   9   93   69   89   0   3   96   0   0   0   0   0   109   0   0   0   0   0   0   
0   0   0   0   0   0   0   0   1073   0   57   12   24   3   72   54   12   0   0   15   0   0   0   0   0   0   0   0   0   0   30   0   0   0   3   0   710   0   0   0   0   34   39   102   81   133   144   219   75   73   84   144   92   913   92   141   108   73   116   57   102   102   307   146   96   15   0   37   960   0   0   0   0   0   430   0   0   0   0   0   
0   0   0   0   0   0   0   0   1140   0   56   12   24   3   72   54   12   0   0   15   0   0   0   41   0   0   0   0   0   0   30   0   0   0   3   0   0   0   0   42   0   54   39   24   0   21   36   42   0   0   0   0   0   823   0   47   27   0   18   45   0   21   85   106   318   75   73   0   142   57   69   171   0   0   45   0   0   0   0   0   
0   0   0   0   0   0   0   0   1146   0   72   12   33   3   72   54   12   0   0   15   0   0   0   0   0   0   0   0   0   0   30   0   0   0   3   0   0   800   0   0   0   0   108   24   0   21   36   42   0   0   0   0   0   888   0   6   27   0   18   0   0   9   91   74   75   0   201   53   0   940   0   0   0   0   0   0   0   348   0   0   
0   0   0   0   0   0   0   0   1095   0   56   12   24   3   72   54   12   0   0   15   0   0   0   0   0   0   0   0   0   0   30   0   0   0   3   0   0   0   0   0   0   0   89   24   0   21   36   42   0   0   0   0   0   839   0   6   27   0   18   0   0   9   104   54   67   0   0   33   191   0   0   0   0   0   0   0   0   5   0   0   
0   0   0   0   0   0   0   0   1107   0   57   12   24   3   72   54   12   0   0   15   0   0   0   0   0   0   0   0   0   0   30   0   0   0   3   0   0   0   740   0   0   0   39   79   0   21   36   42   0   0   0   0   0   863   0   6   27   0   18   0   0   9   79   73   39   0   0   33   0   0   0   21   0   0   0   0   0   0   342   0   
0   0   0   0   0   0   0   0   1324   0   57   12   24   3   72   54   12   0   0   15   0   0   0   0   0   0   0   0   0   0   30   0   0   0   3   0   0   0   0   0   0   0   39   65   0   21   36   42   0   0   0   0   0   948   0   6   27   0   18   0   0   9   88   60   36   0   0   71   0   0   100   0   0   0   0   0   0   0   21   0   
0   0   0   0   0   0   0   0   0   0   0   0   0   0   0   0   0   0   0   0   0   0   0   0   0   0   0   0   0   0   0   0   0   0   0   0   0   0   0   0   0   0   0   0   0   0   0   0   0   0   0   0   0   0   0   0   0   0   0   0   0   0   0   0   0   0   0   0   0   0   0   0   0   0   0   0   0   0   0   0   
0   0   0   0   0   0   0   0   0   0   0   0   0   0   0   0   0   0   0   0   0   0   0   0   0   0   0   0   0   0   0   0   0   0   0   0   0   0   0   0   3820   870   0   0   0   0   0   0   3700   140   0   0   0   0   0   0   3750   20   0   0   0   0   0   0   4100   1080   0   0   0   0   0   0   0   0   0   0   0   0   0   0   
0   0   0   0   0   0   0   0   0   0   0   0   0   0   0   0   0   0   0   0   0   0   0   0   0   0   0   0   0   0   0   0   0   0   0   0   0   0   0   0   0   0   4060   1200   0   0   0   0   0   0   2240   0   0   0   0   0   0   0   2930   0   0   0   0   0   0   0   4300   440   0   0   0   0   0   0   0   0   0   0   0   0   
0   0   0   0   0   0   0   0   0   0   0   0   0   0   0   0   0   0   0   0   0   0   0   0   0   0   0   0   0   0   0   0   0   0   0   0   0   0   0   0   0   0   0   0   0   0   0   0   0   0   0   0   0   0   0   0   0   0   0   0   0   0   0   0   0   0   0   0   0   0   0   0   0   0   0   0   0   0   0   0   
0   0   0   0   0   0   0   0   0   0   0   0   0   0   0   0   0   0   0   0   0   0   0   0   0   0   0   0   0   0   0   0   0   0   0   0   0   0   0   0   0   0   0   0   0   0   0   0   0   0   0   0   0   0   0   0   0   0   0   0   0   0   0   0   0   0   0   0   0   0   0   0   0   0   0   0   0   0   0   0   
0   0   0   0   0   0   0   0   0   0   0   0   0   0   0   0   0   0   0   0   0   0   0   0   0   0   0   0   0   0   0   0   0   0   0   0   0   0   0   0   0   0   0   0   2225   210   0   0   0   0   0   0   2640   780   0   0   0   0   0   0   2420   210   0   0   0   0   0   0   3480   50   0   0   0   0   0   0   0   0   0   0   
0   0   0   0   0   0   0   0   0   0   0   0   0   0   0   0   0   0   0   0   0   0   0   0   0   0   0   0   0   0   0   0   0   0   0   0   0   0   0   0   0   0   0   0   0   0   7900   420   0   0   0   0   0   0   3180   60   0   0   0   0   0   0   8120   570   0   0   0   0   0   0   3400   200   0   0   0   0   0   0   0   0   
0   0   0   0   0   0   0   0   0   0   0   0   0   0   0   0   0   0   0   0   0   0   0   0   0   0   0   0   0   0   0   0   0   0   0   0   0   0   0   0   0   0   0   0   0   0   0   0   0   0   0   0   0   0   0   0   0   0   0   0   0   0   0   0   0   0   0   0   0   0   0   0   0   0   0   0   0   0   0   0   
