0   0   0   0   0   0   0   0   0   0   0   0   0   0   0   0   0   0   0   0   0   0   0   0   0   0   0   0   0   0   0   0   0   0   0   0   0   0   0   0   0   0   0   0   0   0   0   0   0   0   0   0   0   0   0   0   0   0   0   0   0   0   0   0   0   0   0   0   0   0   0   0   0   0   0   0   0   0   0   0   
0   0   0   0   0   0   0   0   420   1260   0   0   0   0   0   0   1950   1920   0   0   0   0   0   0   150   30   0   0   0   0   0   0   30   240   0   0   0   0   0   0   0   0   0   0   0   0   0   0   0   0   0   0   0   0   0   0   0   0   0   0   0   0   0   0   0   0   0   0   0   0   0   0   0   0   0   0   0   0   0   0   
0   0   0   0   0   0   0   0   0   0   1230   870   0   0   0   0   0   0   810   0   0   0   0   0   0   0   0   0   0   0   0   0   0   0   0   0   0   0   0   0   0   0   0   0   0   0   0   0   0   0   0   0   0   0   0   0   0   0   0   0   0   0   0   0   0   0   0   0   0   0   0   0   0   0   0   0   0   0   0   0   
0   0   0   0   0   0   0   0   0   0   0   0   0   0   0   0   0   0   0   0   0   0   0   0   0   0   0   0   0   0   0   0   0   0   0   0   0   0   0   0   0   0   0   0   0   0   0   0   0   0   0   0   0   0   0   0   0   0   0   0   0   0   0   0   0   0   0   0   0   0   0   0   0   0   0   0   0   0   0   0   
0   0   0   0   0   0   0   0   0   0   0   0   0   0   0   0   0   0   0   0   0   0   0   0   0   0   0   0   0   0   0   0   0   0   0   0   0   0   0   0   0   0   0   0   0   0   0   0   0   0   0   0   0   0   0   0   0   0   0   0   0   0   0   0   0   0   0   0   0   0   0   0   0   0   0   0   0   0   0   0   
0   0   0   0   0   0   0   0   0   0   0   0   1020   990   0   0   0   0   0   0   0   0   0   0   0   0   0   0   0   0   0   0   0   0   0   0   0   0   0   0   0   0   0   0   0   0   0   0   0   0   0   0   0   0   0   0   0   0   0   0   0   0   0   0   0   0   0   0   0   0   0   0   0   0   0   0   0   0   0   0   
0   0   0   0   0   0   0   0   0   0   0   0   0   0   1200   0   0   0   0   0   0   0   0   420   0   0   0   0   0   0   1500   90   0   0   0   0   0   0   0   150   0   0   0   0   0   0   0   0   0   0   0   0   0   0   0   0   0   0   0   0   0   0   0   0   0   0   0   0   0   0   0   0   0   0   0   0   0   0   0   0   
0   0   0   0   0   0   0   0   0   0   0   0   0   0   0   0   0   0   0   0   0   0   0   0   0   0   0   0   0   0   0   0   0   0   0   0   0   0   0   0   0   0   0   0   0   0   0   0   0   0   0   0   0   0   0   0   0   0   0   0   0   0   0   0   0   0   0   0   0   0   0   0   0   0   0   0   0   0   0   0   
0   42   0   0   0   0   0   0   0   349   472   264   138   129   201   234   1377   1064   215   234   129   129   129   291   144   135   129   237   132   129   399   243   132   153   129   234   129   123   123   285   183   123   123   231   123   123   123   231   126   141   490   417   156   159   123   231   287   366   1446   842   367   124   138   234   123   123   123   234   126   126   126   105   0   0   0   0   0   0   0   0   
0   126   0   0   0   0   0   0   760   0   333   285   306   306   315   315   300   300   315   315   300   300   300   162   330   315   315   330   315   315   318   330   315   315   315   330   315   315   315   315   300   303   300   315   300   300   300   315   300   300   300   330   300   300   300   315   300   300   300   315   300   300   300   315   300   300   300   315   300   300   300   177   0   0   0   0   0   0   0   0   
0   0   123   0   0   0   0   0   978   141   0   105   69   69   78   63   78   78   78   78   63   63   63   126   93   81   63   63   63   63   66   63   78   78   78   63   63   63   63   60   63   63   63   63   63   63   63   63   63   63   63   63   63   63   63   63   63   63   63   63   63   63   78   66   63   63   63   63   63   63   63   66   0   0   0   0   0   0   0   0   
0   0   87   0   0   0   0   0   114   105   57   0   84   96   93   108   57   87   57   87   39   39   39   129   93   81   75   99   15   0   3   0   0   0   0   0   0   0   0   0   0   0   0   0   0   0   18   0   0   0   0   0   0   0   0   0   0   0   0   0   0   0   0   9   9   0   0   0   0   0   0   0   0   0   0   0   0   0   0   0   
0   0   0   0   0   102   0   0   90   90   45   72   0   36   30   30   30   30   30   30   30   30   30   114   45   30   30   90   93   135   138   141   108   87   105   189   117   105   105   147   87   102   84   87   90   87   84   105   45   45   30   30   30   30   30   30   30   30   30   30   30   30   30   30   30   30   30   30   30   30   30   30   0   0   0   0   0   0   0   0   
0   0   0   0   0   99   0   0   45   90   45   72   36   0   45   30   30   30   30   30   30   30   30   93   45   30   30   30   30   30   33   30   30   30   30   30   30   30   30   30   30   30   30   72   30   30   30   72   90   90   108   171   87   96   90   141   99   90   87   105   87   99   105   93   102   87   87   105   45   45   45   30   0   0   0   0   0   0   0   0   
0   0   0   0   0   0   120   0   105   135   18   45   6   81   0   0   0   75   0   0   0   75   0   45   15   75   0   0   0   75   3   0   0   75   0   0   0   0   0   21   0   0   0   0   0   0   0   0   0   0   0   0   0   0   0   24   0   0   0   24   0   0   15   27   0   0   0   24   24   21   24   141   0   0   0   0   0   0   0   0   
0   0   0   0   0   0   0   0   66   63   15   96   6   6   0   0   0   0   0   0   0   0   0   27   15   0   0   0   0   0   3   0   0   0   0   0   0   0   0   0   0   0   0   0   0   0   18   0   0   0   0   0   0   0   0   0   0   0   0   0   0   0   0   9   9   0   0   0   0   0   0   0   0   0   0   0   0   0   0   0   
0   195   0   0   0   0   0   0   1085   60   18   33   6   6   0   0   0   0   0   0   0   0   0   57   15   3   0   0   0   0   18   0   0   0   0   0   0   0   0   0   0   0   0   0   0   0   0   0   0   0   0   0   0   0   0   0   0   0   0   0   0   0   0   0   0   0   0   0   0   0   0   0   0   0   0   0   0   0   0   0   
0   192   0   0   0   0   0   0   1020   60   18   39   6   6   15   0   0   0   0   0   0   0   0   75   15   0   0   0   0   0   3   0   0   0   0   0   0   0   0   0   0   0   0   0   0   0   0   0   0   0   0   0   0   0   0   0   0   0   0   0   0   0   0   0   0   0   0   0   0   0   0   0   0   0   0   0   0   0   0   0   
0   0   81   0   0   0   0   0   450   63   18   33   6   6   0   0   0   0   0   0   0   0   0   69   15   3   0   0   0   0   3   0   0   0   0   0   0   0   0   0   0   0   0   0   0   0   0   0   0   0   0   0   0   0   0   0   0   0   0   0   0   0   15   0   0   0   0   0   0   0   0   0   0   0   0   0   0   0   0   0   
0   0   0   0   0   0   0   0   66   63   18   75   6   6   0   0   0   0   0   0   0   0   0   51   15   3   0   0   0   0   3   0   0   0   0   0   0   0   0   0   0   0   0   0   0   0   18   0   0   0   0   0   0   0   0   0   0   0   0   0   0   0   0   9   9   0   0   0   0   0   0   0   0   0   0   0   0   0   0   0   
0   0   0   0   0   0   0   0   45   60   15   27   6   6   0   0   0   0   0   0   0   0   0   81   15   0   0   0   0   0   18   0   0   0   0   0   0   0   0   0   0   0   0   0   0   0   0   0   0   0   0   0   0   0   0   0   0   0   0   0   0   0   0   0   0   0   0   0   0   0   0   0   0   0   0   0   0   0   0   0   
0   0   0   0   0   0   0   0   45   60   15   27   6   6   15   0   0   0   0   0   0   0   0   69   15   0   0   0   0   0   3   0   0   0   0   0   0   0   0   0   0   0   0   0   0   0   0   0   0   0   0   0   0   0   0   0   0   0   0   0   0   0   0   0   0   0   0   0   0   0   0   0   0   0   0   0   0   0   0   0   
0   0   0   0   0   0   0   0   45   60   15   27   6   6   0   0   0   0   0   0   0   0   0   57   15   0   0   0   0   0   3   0   0   0   0   0   0   0   0   0   0   0   0   0   0   0   0   0   0   0   0   0   0   0   0   0   0   0   0   0   0   0   15   0   0   0   0   0   0   0   0   0   0   0   0   0   0   0   0   0   
0   0   0   0   0   0   42   0   267   90   162   57   210   153   93   39   129   183   165   111   201   165   129   0   141   93   129   60   111   147   135   75   129   93   129   54   132   165   147   54   237   237   237   219   111   90   141   57   252   147   204   75   183   219   219   54   165   57   39   57   126   168   183   102   210   129   132   111   201   183   219   0   0   0   0   0   0   0   0   0   
0   15   0   0   0   0   0   0   120   141   93   117   81   81   75   75   75   75   75   75   75   75   75   117   0   75   75   75   75   75   93   75   75   75   75   75   75   75   75   75   75   75   75   75   75   75   75   75   75   75   75   75   75   75   75   75   75   75   75   75   75   75   75   75   75   75   75   75   75   75   75   60   0   0   0   0   0   0   0   0   
0   3   0   0   0   0   0   0   60   66   33   57   6   6   15   0   15   0   15   15   0   0   0   45   15   0   0   0   0   0   3   0   15   0   0   0   0   0   0   0   0   0   0   0   0   0   0   0   0   0   0   0   0   0   0   0   0   0   0   0   0   0   0   0   0   0   0   0   0   0   0   0   0   0   0   0   0   0   0   0   
0   0   0   0   0   0   0   0   45   66   15   39   6   6   0   0   0   0   0   0   0   0   0   57   15   0   0   0   0   0   3   0   0   0   0   0   0   0   0   0   0   0   0   0   0   0   0   0   0   0   0   0   0   0   0   0   0   0   0   0   0   0   15   0   0   0   0   0   0   0   0   0   0   0   0   0   0   0   0   0   
0   0   0   0   0   0   0   0   69   69   15   63   42   6   0   0   0   0   0   0   0   0   0   36   15   0   0   0   0   0   3   0   0   0   0   0   0   0   0   0   0   0   0   0   0   0   18   0   0   0   0   0   0   0   0   0   0   0   0   0   0   0   0   9   9   0   0   0   0   0   0   0   0   0   0   0   0   0   0   0   
0   0   0   0   0   0   0   0   48   66   15   3   45   6   0   0   0   0   0   0   0   0   0   51   15   0   0   0   0   0   18   0   0   0   0   0   0   0   0   0   0   0   0   0   0   0   0   0   0   0   0   0   0   0   0   0   0   0   0   0   0   0   0   0   0   0   0   0   0   0   0   0   0   0   0   0   0   0   0   0   
0   0   0   0   0   0   0   0   45   66   15   0   51   6   15   0   0   0   0   0   0   0   0   63   15   0   0   0   0   0   3   0   0   0   0   0   0   0   0   0   0   0   0   0   0   0   0   0   0   0   0   0   0   0   0   0   0   0   0   0   0   0   0   0   0   0   0   0   0   0   0   0   0   0   0   0   0   0   0   0   
0   0   0   0   0   0   150   0   340   81   30   15   138   21   15   15   90   15   15   15   90   15   15   75   105   15   15   15   90   15   0   15   90   15   15   15   90   15   15   15   15   15   15   15   15   15   15   15   15   15   15   15   15   15   15   15   15   15   15   15   15   15   30   15   15   15   15   15   15   15   15   15   0   0   0   0   0   0   0   0   
0   0   0   0   0   0   9   0   111   69   15   0   105   6   0   0   0   0   0   0   0   0   0   39   15   0   0   0   0   0   3   0   0   0   0   0   0   0   0   0   0   0   0   0   0   0   18   0   0   0   0   0   0   0   0   0   0   0   0   0   0   0   0   9   9   0   0   0   0   0   0   0   0   0   0   0   0   0   0   0   
0   3   0   0   0   0   0   0   60   66   18   0   48   6   0   0   0   0   0   0   0   0   0   57   15   3   0   0   0   0   18   0   0   0   0   0   0   0   0   0   0   0   0   0   0   0   0   0   0   0   0   0   0   0   0   0   0   0   0   0   0   0   0   0   0   0   0   0   0   0   0   0   0   0   0   0   0   0   0   0   
0   24   0   0   0   0   0   0   165   66   18   0   39   6   15   0   0   0   0   0   0   0   0   45   15   0   0   0   0   0   3   0   0   0   0   0   0   0   0   0   0   0   0   0   0   0   0   0   0   0   0   0   0   0   0   0   0   0   0   0   0   0   0   0   0   0   0   0   0   0   0   0   0   0   0   0   0   0   0   0   
0   0   0   0   0   0   0   0   45   66   18   0   45   6   0   0   0   0   0   0   0   0   0   57   15   0   0   0   0   0   3   0   0   0   0   0   0   0   0   0   0   0   0   0   0   0   0   0   0   0   0   0   0   0   0   0   0   0   0   0   0   0   15   0   0   0   0   0   0   0   0   0   0   0   0   0   0   0   0   0   
0   0   0   0   0   0   0   0   66   69   15   0   105   6   0   0   0   0   0   0   0   0   0   30   15   0   0   0   0   0   3   0   0   0   0   0   0   0   0   0   0   0   0   0   0   0   18   0   0   0   0   0   0   0   0   0   0   0   0   0   0   0   0   9   9   0   0   0   0   0   0   0   0   0   0   0   0   0   0   0   
0   0   0   0   0   0   0   0   45   66   15   0   45   6   0   0   0   0   0   0   0   0   0   60   15   0   0   0   0   0   18   0   0   0   0   0   0   0   0   0   0   0   0   0   0   0   0   0   0   0   0   0   0   0   0   0   0   0   0   0   0   0   0   0   0   0   0   0   0   0   0   0   0   0   0   0   0   0   0   0   
0   0   0   0   0   0   0   0   39   66   15   0   45   6   0   0   0   0   0   0   0   0   0   69   15   0   0   0   0   0   3   0   0   0   0   0   0   0   0   0   0   0   0   0   0   0   0   0   0   0   0   0   0   0   0   0   0   0   0   0   0   0   0   0   0   0   0   0   0   0   0   0   0   0   0   0   0   0   0   0   
0   0   0   0   0   0   0   0   39   66   15   0   45   6   0   0   0   0   0   0   0   0   0   63   15   0   0   0   0   0   3   0   0   0   0   0   0   0   0   0   0   0   0   0   0   0   0   0   0   0   0   0   0   0   0   0   0   0   0   0   0   0   0   0   0   0   0   0   0   0   0   0   0   0   0   0   0   0   0   0   
0   0   0   0   0   0   15   0   138   63   15   0   75   6   21   0   0   0   0   0   0   0   0   30   15   0   0   0   0   0   3   0   0   0   0   0   0   0   0   0   0   0   0   0   0   0   0   0   0   0   0   0   0   0   0   0   0   0   0   0   0   0   0   9   9   0   0   0   0   0   0   0   0   0   0   0   0   0   0   0   
0   0   0   0   0   0   0   0   159   60   15   0   39   6   0   0   0   0   0   0   0   0   0   93   15   0   0   0   0   0   3   0   0   0   0   0   0   0   0   0   0   0   0   0   0   0   0   0   0   0   0   0   0   0   0   0   0   0   0   0   0   0   0   0   0   0   0   0   0   0   0   0   0   21   0   0   0   0   0   0   
0   0   0   0   0   0   0   0   39   63   15   0   42   6   0   0   0   0   0   0   0   0   0   93   15   0   0   0   0   0   3   0   0   0   0   0   0   0   0   0   0   0   0   0   0   0   0   0   0   0   0   0   0   0   0   0   0   0   0   0   0   0   0   0   0   0   0   0   0   0   0   0   0   0   0   0   0   0   0   0   
0   0   0   0   0   0   0   0   39   60   15   0   36   6   0   0   0   0   0   0   0   0   0   93   15   0   0   0   0   0   3   0   0   0   0   0   0   0   0   0   0   0   0   0   0   0   0   0   0   0   0   0   0   0   0   0   0   0   0   0   0   0   0   0   0   0   0   0   0   0   0   0   0   0   0   0   0   0   0   0   
0   0   0   0   0   0   0   0   63   63   15   0   39   36   0   0   0   0   0   0   0   0   0   87   15   0   0   0   0   0   3   0   0   0   0   0   0   0   0   0   0   0   0   0   0   0   0   0   0   0   0   0   0   0   0   0   0   0   0   0   0   0   0   9   9   0   0   0   0   0   0   0   0   0   0   0   0   0   0   0   
0   0   0   0   0   0   0   0   39   60   15   0   42   6   0   0   0   0   0   0   0   0   0   51   15   0   0   0   0   0   3   0   0   0   0   0   0   0   0   0   0   0   0   0   0   0   0   0   0   0   0   0   0   0   0   0   0   0   0   0   0   0   0   0   0   0   0   0   0   0   0   0   0   0   0   0   0   0   0   0   
0   0   0   0   0   0   0   0   39   60   15   0   39   6   0   0   0   0   0   0   0   0   0   42   15   0   0   0   0   0   3   0   0   0   0   0   0   0   0   0   0   0   0   0   0   0   0   0   0   0   0   0   0   0   0   0   0   0   0   0   0   0   0   0   0   0   0   0   0   0   0   0   0   0   0   0   0   0   0   0   
0   0   0   0   0   0   0   0   39   60   15   90   36   6   0   90   0   0   0   90   0   0   0   117   15   0   0   90   0   0   3   90   0   0   0   90   0   0   0   0   0   0   0   0   0   0   0   0   0   0   0   0   0   0   0   0   0   0   0   0   0   0   0   0   0   0   0   0   0   0   0   0   0   0   0   0   0   0   120   0   
0   0   0   0   0   0   0   0   63   63   15   0   45   36   0   0   0   0   0   0   0   0   0   33   15   0   0   0   0   0   3   0   0   0   0   0   0   0   0   0   0   0   0   0   0   0   0   0   0   0   0   0   0   0   0   0   0   0   0   0   0   0   0   9   9   0   0   0   0   0   0   0   0   0   0   0   0   0   0   0   
0   0   0   0   0   0   0   0   42   60   15   0   9   42   0   0   0   0   0   0   0   0   0   96   15   0   0   0   0   0   3   0   0   0   0   0   0   0   0   0   0   0   0   0   0   0   0   0   0   0   0   0   0   0   0   0   0   0   0   0   0   0   0   0   0   0   0   0   0   0   0   0   0   0   0   0   0   0   0   0   
0   0   0   0   0   0   0   0   117   60   15   0   9   42   0   0   0   0   0   0   0   0   0   63   15   0   0   0   0   0   3   0   0   0   0   0   0   0   0   0   0   0   0   0   0   0   0   0   0   0   0   0   0   0   0   0   0   0   0   0   0   0   0   0   0   0   0   0   0   0   0   0   0   15   0   0   0   0   0   0   
0   0   0   0   0   0   0   0   1034   60   15   0   6   48   0   0   0   0   0   0   0   0   0   84   15   0   0   0   0   0   3   0   0   0   0   0   0   0   0   0   0   0   0   0   0   0   0   0   0   0   0   0   0   0   0   0   0   0   0   0   0   0   0   0   0   0   0   0   0   0   0   0   0   0   198   0   0   0   0   0   
0   0   0   0   0   0   0   0   930   69   15   0   6   99   0   0   0   0   0   0   0   0   0   39   15   0   0   0   0   0   3   0   0   0   0   0   0   0   0   0   0   0   0   0   0   0   0   0   0   0   0   0   0   0   0   0   0   0   0   0   0   0   0   9   9   0   0   0   0   0   0   0   0   0   174   0   0   0   0   0   
0   0   0   0   0   0   0   0   204   60   15   0   6   39   0   0   0   0   0   0   0   0   0   75   15   0   0   0   0   0   3   0   0   0   0   0   0   0   0   0   0   0   0   0   0   0   0   0   0   0   0   0   0   0   0   0   0   0   0   0   0   0   0   0   0   0   0   0   0   0   0   0   0   0   0   0   0   33   0   0   
0   0   0   0   0   0   0   0   219   60   15   0   6   36   0   0   0   0   0   0   0   0   0   87   15   0   0   0   0   0   3   0   0   0   0   0   0   0   0   0   0   0   0   0   0   0   0   0   0   0   0   0   0   0   0   0   0   0   0   0   0   0   0   0   0   0   0   0   0   0   0   0   0   0   0   0   0   36   0   0   
0   0   0   0   0   0   0   0   39   60   15   0   6   42   0   0   0   0   0   0   0   0   0   87   15   0   0   0   0   0   3   0   0   0   0   0   0   0   0   0   0   0   0   0   0   0   0   0   0   0   0   0   0   0   0   0   0   0   0   0   0   0   0   0   0   0   0   0   0   0   0   0   0   0   0   0   0   0   0   0   
0   0   0   0   0   0   0   0   63   66   15   0   6   57   24   0   0   0   0   0   0   0   0   30   15   0   0   0   0   0   3   0   0   0   0   0   0   0   0   0   0   0   0   0   0   0   0   0   0   0   0   0   0   0   0   0   0   0   0   0   0   0   0   9   9   0   0   0   0   0   0   0   0   0   0   0   0   0   0   0   
0   0   0   0   0   0   0   0   424   60   15   0   6   39   0   0   0   0   0   0   0   0   0   69   15   0   0   0   0   0   3   0   0   0   0   0   0   0   0   0   0   0   0   0   0   0   0   0   0   0   0   0   0   0   0   0   0   0   0   0   0   0   0   0   0   0   0   0   0   0   0   0   0   27   0   0   0   0   0   0   
0   0   0   0   0   0   0   0   399   60   15   0   6   42   0   0   0   0   0   0   0   0   0   33   15   0   0   0   0   0   3   0   0   0   0   0   0   0   0   0   0   0   0   0   0   0   0   0   0   0   0   0   0   0   0   0   0   0   0   0   0   0   0   0   0   0   0   0   0   0   0   0   0   72   0   0   0   0   0   0   
0   0   0   0   0   0   0   0   1744   60   15   0   6   39   0   0   0   0   0   0   0   0   0   27   15   0   0   0   0   0   3   0   0   0   0   0   0   0   0   0   0   0   0   0   0   0   0   0   0   0   0   0   0   0   0   0   0   0   0   0   0   0   0   0   0   0   0   0   0   0   0   0   0   0   246   0   0   0   0   0   
0   0   0   0   0   0   0   0   1338   63   15   0   6   45   24   0   0   0   0   0   0   0   0   33   15   0   0   0   0   0   3   0   0   0   0   0   0   0   0   0   0   0   0   0   0   0   0   0   0   0   0   0   0   0   0   0   0   0   0   0   0   0   0   9   9   0   0   0   0   0   0   0   0   0   201   0   0   0   0   0   
0   0   0   0   0   0   0   0   934   60   15   0   6   39   0   0   0   0   0   0   0   0   0   54   15   0   0   0   0   0   3   0   0   0   0   0   0   0   0   0   0   0   0   0   0   0   0   0   0   0   0   0   0   0   0   0   0   0   0   0   0   0   0   0   0   0   0   0   0   0   0   0   0   0   0   0   0   176   0   0   
0   0   0   0   0   0   0   0   44   60   15   0   6   39   0   0   0   0   0   0   0   0   0   72   15   0   0   0   0   0   3   0   0   0   0   0   0   0   0   0   0   0   0   0   0   0   0   0   0   0   0   0   0   0   0   0   0   0   0   0   0   0   0   0   0   0   0   0   0   0   0   0   0   0   0   0   0   1   0   0   
0   0   0   0   0   0   0   0   114   60   90   0   6   45   75   0   0   0   75   0   0   0   75   75   15   0   75   0   0   0   78   0   0   0   75   0   0   0   0   0   0   0   0   0   0   0   0   0   0   0   0   0   0   0   0   0   0   0   0   0   0   0   0   0   0   0   0   0   0   0   0   0   0   0   0   0   0   0   120   0   
0   0   0   0   0   0   0   0   78   63   18   45   6   57   27   45   0   0   0   45   0   0   0   90   15   0   0   45   0   0   3   45   0   0   0   45   0   0   0   45   0   0   0   45   0   0   0   45   0   0   0   45   0   0   0   45   0   0   0   45   0   0   0   0   9   0   0   45   0   0   0   0   0   0   0   0   0   0   12   0   
0   0   0   0   0   0   0   0   39   60   15   45   6   42   0   45   0   0   0   45   0   0   0   126   15   0   0   45   0   0   3   45   0   0   0   45   0   0   0   45   0   0   0   45   0   0   0   45   0   0   0   45   0   0   0   45   0   0   0   45   0   0   0   45   0   0   0   45   0   0   0   0   0   9   0   0   0   0   0   0   
0   0   0   0   0   0   0   0   39   60   15   0   6   39   0   0   0   0   0   0   0   0   0   57   15   0   0   0   0   0   3   0   0   0   0   0   0   0   0   0   0   0   0   0   0   0   0   0   0   0   0   0   0   0   0   0   0   0   0   0   0   0   0   0   0   0   0   0   0   0   0   0   0   0   0   0   0   0   0   0   
0   0   0   0   0   0   0   0   39   60   15   0   6   39   0   0   0   0   0   0   0   0   0   60   15   0   0   0   0   0   3   0   0   0   0   0   0   0   0   0   0   0   0   0   0   0   0   0   0   0   0   0   0   0   0   0   0   0   0   0   0   0   0   0   0   0   0   0   0   0   0   0   0   0   0   0   0   0   0   0   
0   0   0   0   0   0   0   0   66   63   15   0   6   45   24   0   0   0   0   0   0   0   0   51   15   0   0   0   0   0   3   0   0   0   0   0   0   0   0   0   0   0   0   0   0   0   0   0   0   0   0   0   0   0   0   0   0   0   0   0   0   0   0   9   9   0   0   0   0   0   0   0   0   0   0   0   0   0   0   0   
0   0   0   0   0   0   0   0   42   60   15   0   6   9   24   0   0   0   0   0   0   0   0   81   15   0   0   0   0   0   3   0   0   0   0   0   0   0   0   0   0   0   0   0   0   0   0   0   0   0   0   0   0   0   0   0   0   0   0   0   0   0   0   0   0   0   0   0   0   0   0   0   0   0   0   0   0   0   0   0   
0   0   0   0   0   0   0   0   42   60   15   0   6   9   21   0   0   0   0   0   0   0   0   75   15   0   0   0   0   0   3   0   0   0   0   0   0   0   0   0   0   0   0   0   0   0   0   0   0   0   0   0   0   0   0   0   0   0   0   0   0   0   0   0   0   0   0   0   0   0   0   0   0   0   0   0   0   0   0   0   
0   0   0   0   0   0   0   0   42   60   15   0   6   9   24   0   0   0   0   0   0   0   0   87   15   0   0   0   0   0   3   0   0   0   0   0   0   0   0   0   0   0   0   0   0   0   0   0   0   0   0   0   0   0   0   0   0   0   0   0   0   0   0   0   0   0   0   0   0   0   0   0   0   0   0   0   0   0   0   0   
0   0   0   0   0   0   0   0   33   45   18   0   6   6   45   0   0   0   0   0   0   0   0   0   12   0   0   0   0   0   3   0   0   0   0   0   0   0   0   0   0   0   0   0   0   0   0   0   0   0   0   0   0   0   0   0   0   0   0   0   0   0   0   0   0   0   0   0   0   0   0   0   0   0   0   0   0   0   0   0   
0   0   0   0   0   0   0   0   0   0   0   0   0   0   0   0   0   0   0   0   0   0   0   0   0   0   0   0   0   0   0   0   0   0   0   0   0   0   0   0   0   0   0   0   0   0   0   0   0   0   0   0   0   0   0   0   0   0   0   0   0   0   0   0   0   0   0   0   0   0   0   0   0   0   0   0   0   0   0   0   
0   0   0   0   0   0   0   0   0   0   0   0   0   0   0   0   0   0   0   0   0   0   0   0   0   0   0   0   0   0   0   0   0   0   0   0   0   0   0   0   210   0   0   0   0   0   0   0   0   150   0   0   0   0   0   0   270   720   0   0   0   0   0   0   90   0   0   0   0   0   0   0   0   0   0   0   0   0   0   0   
0   0   0   0   0   0   0   0   0   0   0   0   0   0   0   0   0   0   0   0   0   0   0   0   0   0   0   0   0   0   0   0   0   0   0   0   0   0   0   0   0   0   0   0   0   0   0   0   0   0   1980   1740   0   0   0   0   0   0   2460   2010   0   0   0   0   0   0   0   0   0   0   0   0   0   0   0   0   0   0   0   0   
0   0   0   0   0   0   0   0   0   0   0   0   0   0   0   0   0   0   0   0   0   0   0   0   0   0   0   0   0   0   0   0   0   0   0   0   0   0   0   0   0   0   0   0   0   0   0   0   0   0   0   0   0   0   0   0   0   0   0   0   0   0   0   0   0   0   0   0   0   0   0   0   0   0   0   0   0   0   0   0   
0   0   0   0   0   0   0   0   0   0   0   0   0   0   0   0   0   0   0   0   0   0   0   0   0   0   0   0   0   0   0   0   0   0   0   0   0   0   0   0   0   0   0   0   0   0   0   0   0   0   0   0   0   0   0   0   0   0   0   0   0   0   0   0   0   0   0   0   0   0   0   0   0   0   0   0   0   0   0   0   
0   0   0   0   0   0   0   0   0   0   0   0   0   0   0   0   0   0   0   0   0   0   0   0   0   0   0   0   0   0   0   0   0   0   0   0   0   0   0   0   0   0   0   0   0   0   0   0   0   0   0   0   330   360   0   0   0   0   0   0   1760   10   0   0   0   0   0   0   0   0   0   0   0   0   0   0   0   0   0   0   
0   0   0   0   0   0   0   0   0   0   0   0   0   0   0   0   0   0   0   0   0   0   0   0   0   0   0   0   0   0   0   0   0   0   0   0   0   0   0   0   0   0   0   0   0   0   1200   0   0   0   0   0   0   0   0   0   0   0   0   0   0   0   1200   120   0   0   0   0   0   0   0   0   0   0   0   0   0   0   0   0   
0   0   0   0   0   0   0   0   0   0   0   0   0   0   0   0   0   0   0   0   0   0   0   0   0   0   0   0   0   0   0   0   0   0   0   0   0   0   0   0   0   0   0   0   0   0   0   0   0   0   0   0   0   0   0   0   0   0   0   0   0   0   0   0   0   0   0   0   0   0   0   0   0   0   0   0   0   0   0   0   
