0   282.36
1   134.853
2   73.6457
3   182.757
4   201.654
5   252.343
6   215.972
7   23.9613
8   189.079
9   219.557
10   129.248
11   288.838
12   384.167
13   278.064
14   274.922
15   153.436
16   259.042
17   -61.7374
18   279.301
19   153.414
20   154.041
21   192.362
22   114.183
23   135.364
24   113.116
25   145.65
26   55.7106
27   351.177
28   281.946
29   173.774
30   199.683
31   160.782
32   194.829
33   87
34   316.4
35   297.764
36   194.068
37   220.264
38   212.749
39   189.067
40   129.297
41   356.302
42   144.998
43   169.753
44   210.243
45   92.315
46   33.1642
47   344.449
48   330.91
49   284.458
50   135.236
51   173.741
52   146.056
53   307.962
54   291.297
55   150.634
56   132.755
57   372.74
58   113.075
59   252.499
60   269.977
61   436.83
62   294.79
63   325.035
