P   36   73.64    0.5
P   10   77.0667    0.5
P   47   78.8    0.5
P   42   78.9956    0.5
P   59   79.4    0.5
P   9   79.8311    0.5
P   31   80.5244    0.5
P   3   86.44    0.5
P   55   87.6667    0.5
P   13   87.8756    0.5
P   43   88.9022    0.5
P   63   89.4978    0.5
P   37   90.7067    0.5
P   14   91.0978    0.5
P   33   92.6533    0.5
P   0   94.2444    0.5
P   20   96.3644    0.5
P   44   97.3422    0.5
P   52   97.5956    0.5
P   54   98.3111    0.5
P   12   99.9778    0.5
P   50   101.507    0.5
P   24   103.04    0.5
P   18   103.671    0.5
P   60   104.147    0.5
P   1   108.213    0.5
P   21   109.307    0.5
P   23   110.151    0.5
P   56   112.662    0.5
P   4   113.849    0.5
P   39   117.636    0.5
P   58   117.88    0.5
P   29   117.907    0.5
P   62   119.284    0.5
P   7   123.058    0.5
P   46   123.471    0.5
P   45   126.173    0.5
P   32   128.636    0.5
P   51   128.693    0.5
P   19   144.236    0.5
P   34   144.302    0.5
P   61   145.12    0.5
P   40   145.147    0.5
P   2   145.316    0.5
P   53   146.578    0.5
P   26   148.293    0.5
P   11   148.307    0.5
P   57   152.378    0.5
P   28   153.253    0.5
P   25   154.138    0.5
P   5   158.622    0.5
P   35   166.084    0.5
P   16   167.418    0.5
P   15   174.009    0.5
P   8   179.64    0.5
P   38   180.911    0.5
P   22   181.52    0.5
P   49   185.707    0.5
P   30   195.053    0.5
P   6   201.24    0.5
P   41   201.24    0.5
P   17   203.809    0.5
P   27   234.524    0.5
P   48   244.04    0.5
