P 17   -61.7374    0.5
P 7   23.9613    0.5
P 46   33.1642    0.5
P 26   55.7106    0.5
P 2   73.6457    0.5
P 33   87    0.5
P 45   92.315    0.5
P 58   113.075    0.5
P 24   113.116    0.5
P 22   114.183    0.5
P 10   129.248    0.5
P 40   129.297    0.5
P 56   132.755    0.5
P 1   134.853    0.5
P 50   135.236    0.5
P 23   135.364    0.5
P 42   144.998    0.5
P 25   145.65    0.5
P 52   146.056    0.5
P 55   150.634    0.5
P 19   153.414    0.5
P 15   153.436    0.5
P 20   154.041    0.5
P 31   160.782    0.5
P 43   169.753    0.5
P 51   173.741    0.5
P 29   173.774    0.5
P 3   182.757    0.5
P 39   189.067    0.5
P 8   189.079    0.5
P 21   192.362    0.5
P 36   194.068    0.5
P 32   194.829    0.5
P 30   199.683    0.5
P 4   201.654    0.5
P 44   210.243    0.5
P 38   212.749    0.5
P 6   215.972    0.5
P 9   219.557    0.5
P 37   220.264    0.5
P 5   252.343    0.5
P 59   252.499    0.5
P 16   259.042    0.5
P 60   269.977    0.5
P 14   274.922    0.5
P 13   278.064    0.5
P 18   279.301    0.5
P 28   281.946    0.5
P 0   282.36    0.5
P 49   284.458    0.5
P 11   288.838    0.5
P 54   291.297    0.5
P 62   294.79    0.5
P 35   297.764    0.5
P 53   307.962    0.5
P 34   316.4    0.5
P 63   325.035    0.5
P 48   330.91    0.5
P 47   344.449    0.5
P 27   351.177    0.5
P 41   356.302    0.5
P 57   372.74    0.5
P 12   384.167    0.5
P 61   436.83    0.5
