0   94.2444
1   108.213
2   145.316
3   86.44
4   113.849
5   158.622
6   201.24
7   123.058
8   179.64
9   79.8311
10   77.0667
11   148.307
12   99.9778
13   87.8756
14   91.0978
15   174.009
16   167.418
17   203.809
18   103.671
19   144.236
20   96.3644
21   109.307
22   181.52
23   110.151
24   103.04
25   154.138
26   148.293
27   234.524
28   153.253
29   117.907
30   195.053
31   80.5244
32   128.636
33   92.6533
34   144.302
35   166.084
36   73.64
37   90.7067
38   180.911
39   117.636
40   145.147
41   201.24
42   78.9956
43   88.9022
44   97.3422
45   126.173
46   123.471
47   78.8
48   244.04
49   185.707
50   101.507
51   128.693
52   97.5956
53   146.578
54   98.3111
55   87.6667
56   112.662
57   152.378
58   117.88
59   79.4
60   104.147
61   145.12
62   119.284
63   89.4978
