0   110185
1   110407
2   109792
3   95457.2
4   112334
5   111359
6   113299
7   111781
8   115627
9   110338
10   105886
11   112466
12   112516
13   110445
14   109353
15   115533
16   94390
17   94376.6
18   108024
19   109738
20   92803.3
21   100447
22   98289.8
23   94311.1
24   97532.9
25   97081.1
26   97767.9
27   117144
28   97405.2
29   108088
30   106892
31   109307
32   107894
33   117189
34   112634
35   110853
36   114401
37   111428
38   115595
39   108412
40   96873.6
41   97399.5
42   96798.2
43   112265
44   106596
45   114754
46   115835
47   111479
48   98322.3
49   95586.3
50   105552
51   109120
52   116365
53   116552
54   116405
55   109445
56   113160
57   101928
58   116467
59   113044
60   116257
61   114963
62   116545
63   109315
