P   20   986.375    0.5
P   16   989.375    0.5
P   23   1079.62    0.5
P   17   1127.38    0.5
P   40   1141.12    0.5
P   49   1154.38    0.5
P   25   1226.38    0.5
P   28   1235.88    0.5
P   24   1294.62    0.5
P   42   1298.62    0.5
P   48   1378.88    0.5
P   26   1390.38    0.5
P   41   1410.25    0.5
P   50   1455.38    0.5
P   21   1484.38    0.5
P   22   1489.25    0.5
P   57   1527    0.5
P   3   1531    0.5
P   63   1582.25    0.5
P   18   1587.62    0.5
P   30   1589.88    0.5
P   19   1630.38    0.5
P   62   1656.75    0.5
P   32   1709.25    0.5
P   6   1719.75    0.5
P   60   1748.38    0.5
P   11   1754.25    0.5
P   35   1783.88    0.5
P   43   1802.12    0.5
P   61   1829.25    0.5
P   8   1832.75    0.5
P   59   1881.5    0.5
P   54   1969.25    0.5
P   46   2013    0.5
P   53   2027.75    0.5
P   38   2032.88    0.5
P   52   2076.62    0.5
P   58   2082.25    0.5
P   33   2167.75    0.5
P   27   2176.88    0.5
P   56   2193.12    0.5
P   7   2224.5    0.5
P   15   2247.88    0.5
P   12   2276    0.5
P   4   2310.62    0.5
P   45   2347.5    0.5
P   39   2444.62    0.5
P   5   2458    0.5
P   34   2622    0.5
P   13   2647.75    0.5
P   47   2651.38    0.5
P   36   2665    0.5
P   55   2677.75    0.5
P   9   2681    0.5
P   37   2750.12    0.5
P   0   2767    0.5
P   31   2778.88    0.5
P   44   2783.88    0.5
P   10   2796.62    0.5
P   51   2823.75    0.5
P   14   2853.38    0.5
P   1   2869.62    0.5
P   2   2916.62    0.5
P   29   2978.62    0.5
