15  145  528  969  2656  7956  8218  1649  
12  22  696  785  2073  8750  8822  1797  
9  137  531  953  2503  8729  8737  1734  
43  102  705  593  3026  1485  4705  1589  
15  276  761  591  157  7101  7947  1637  
30  242  766  611  157  7861  8415  1582  
30  255  717  575  173  2571  7615  1822  
43  181  686  591  173  6968  7520  1634  
9  6  464  1005  210  3442  8098  1428  
9  0  302  1159  1534  8412  8373  1659  
9  0  234  1130  2455  9116  7941  1488  
43  181  704  579  173  2450  7996  1908  
20  38  761  621  173  7128  8040  1427  
43  163  720  575  645  8656  8731  1649  
43  193  692  579  2304  8778  8598  1640  
42  0  422  818  173  6299  8806  1423  
9  0  109  514  1140  0  4682  1461  
9  0  95  528  1132  0  5372  1883  
9  0  220  531  937  1379  7675  1950  
9  35  264  631  819  1647  8007  1631  
9  63  126  530  1162  0  4429  1572  
12  116  126  530  1092  302  8049  1648  
9  38  137  490  1180  2  8418  1640  
9  21  124  481  1127  2  5109  1764  
9  0  115  583  1001  0  6966  1683  
9  21  247  429  1080  0  6436  1589  
9  63  102  502  1156  2  7598  1691  
9  63  264  595  794  5338  8857  1495  
9  35  264  519  931  0  6576  1553  
12  18  264  793  3338  8853  8740  1811  
12  3  206  487  958  1184  8168  1701  
20  0  434  979  1681  8897  8498  1722  
12  32  264  617  839  1443  8609  1858  
9  49  236  671  715  4927  9123  1612  
9  91  530  967  916  7892  8667  1904  
12  22  590  897  173  2166  8513  1898  
12  0  477  965  1344  7591  9266  1665  
12  0  226  743  2351  8072  8607  1990  
44  136  605  821  173  5237  7363  1884  
9  211  704  591  173  8382  7868  1619  
12  3  279  522  940  0  5898  1475  
12  3  137  480  1116  2  7567  1965  
9  35  278  524  944  0  6734  1865  
12  0  243  1143  229  2485  8427  1878  
12  0  226  579  3719  8057  8001  1677  
9  227  688  591  173  6700  8771  1621  
9  471  472  575  173  3946  8768  1690  
20  498  394  598  399  8568  9213  1521  
12  0  258  487  1003  2  7775  1494  
72  140  235  498  934  0  5653  1703  
12  0  268  464  937  908  7538  1516  
20  0  228  729  3385  7948  8367  1913  
9  81  665  828  173  4439  8888  1530  
9  129  542  897  173  4462  8410  1600  
9  175  641  736  173  4173  7949  1898  
20  177  649  594  2026  8309  8076  1571  
9  229  634  591  173  6672  7763  1474  
12  0  226  537  913  432  8655  1441  
9  246  697  575  173  5009  8562  1387  
20  528  364  595  173  2799  8820  1753  
20  526  378  604  164  3596  7170  1529  
43  202  617  578  173  3191  8251  1579  
20  122  498  809  173  3486  6604  1542  
121  435  227  591  173  1862  8711  538  
