P 20   92803.3    0.5
P 23   94311.1    0.5
P 17   94376.6    0.5
P 16   94390    0.5
P 3   95457.2    0.5
P 49   95586.3    0.5
P 42   96798.2    0.5
P 40   96873.6    0.5
P 25   97081.1    0.5
P 41   97399.5    0.5
P 28   97405.2    0.5
P 24   97532.9    0.5
P 26   97767.9    0.5
P 22   98289.8    0.5
P 48   98322.3    0.5
P 21   100447    0.5
P 57   101928    0.5
P 50   105552    0.5
P 10   105886    0.5
P 44   106596    0.5
P 30   106892    0.5
P 32   107894    0.5
P 18   108024    0.5
P 29   108088    0.5
P 39   108412    0.5
P 51   109120    0.5
P 31   109307    0.5
P 63   109315    0.5
P 14   109353    0.5
P 55   109445    0.5
P 19   109738    0.5
P 2   109792    0.5
P 0   110185    0.5
P 9   110338    0.5
P 1   110407    0.5
P 13   110445    0.5
P 35   110853    0.5
P 5   111359    0.5
P 37   111428    0.5
P 47   111479    0.5
P 7   111781    0.5
P 43   112265    0.5
P 4   112334    0.5
P 11   112466    0.5
P 12   112516    0.5
P 34   112634    0.5
P 59   113044    0.5
P 56   113160    0.5
P 6   113299    0.5
P 36   114401    0.5
P 45   114754    0.5
P 61   114963    0.5
P 15   115533    0.5
P 38   115595    0.5
P 8   115627    0.5
P 46   115835    0.5
P 60   116257    0.5
P 52   116365    0.5
P 54   116405    0.5
P 58   116467    0.5
P 62   116545    0.5
P 53   116552    0.5
P 27   117144    0.5
P 33   117189    0.5
