0   2767
1   2869.62
2   2916.62
3   1531
4   2310.62
5   2458
6   1719.75
7   2224.5
8   1832.75
9   2681
10   2796.62
11   1754.25
12   2276
13   2647.75
14   2853.38
15   2247.88
16   989.375
17   1127.38
18   1587.62
19   1630.38
20   986.375
21   1484.38
22   1489.25
23   1079.62
24   1294.62
25   1226.38
26   1390.38
27   2176.88
28   1235.88
29   2978.62
30   1589.88
31   2778.88
32   1709.25
33   2167.75
34   2622
35   1783.88
36   2665
37   2750.12
38   2032.88
39   2444.62
40   1141.12
41   1410.25
42   1298.62
43   1802.12
44   2783.88
45   2347.5
46   2013
47   2651.38
48   1378.88
49   1154.38
50   1455.38
51   2823.75
52   2076.62
53   2027.75
54   1969.25
55   2677.75
56   2193.12
57   1527
58   2082.25
59   1881.5
60   1748.38
61   1829.25
62   1656.75
63   1582.25
