P 34   -2016.97    0.5
P 56   -1770.27    0.5
P 42   -1590.08    0.5
P 32   -1322.5    0.5
P 40   -1302.48    0.5
P 16   -1240.71    0.5
P 48   -1162.37    0.5
P 49   -1046.29    0.5
P 6   -904.316    0.5
P 41   -894.564    0.5
P 33   -605.57    0.5
P 24   -597.286    0.5
P 25   -540.884    0.5
P 28   -452.744    0.5
P 22   -384.752    0.5
P 43   -370.21    0.5
P 21   -327.922    0.5
P 35   -306.037    0.5
P 14   -282.621    0.5
P 59   -273.855    0.5
P 53   -184.982    0.5
P 20   -98.3404    0.5
P 45   41.7372    0.5
P 30   48.9455    0.5
P 46   98.9924    0.5
P 54   130.399    0.5
P 50   161.626    0.5
P 58   182.336    0.5
P 23   187.182    0.5
P 44   309.086    0.5
P 62   314.174    0.5
P 47   574.893    0.5
P 51   703.645    0.5
P 57   716.101    0.5
P 27   776.329    0.5
P 60   799.399    0.5
P 55   827.561    0.5
P 38   1329.48    0.5
P 26   1968.85    0.5
P 15   2056.67    0.5
P 8   2071.51    0.5
P 63   2313.05    0.5
P 5   3222.2    0.5
P 12   3479.65    0.5
P 2   3550.91    0.5
P 7   3587.08    0.5
P 19   4348.44    0.5
P 61   4537.02    0.5
P 10   4792.44    0.5
P 0   5253.27    0.5
P 13   5769.39    0.5
P 4   5858.7    0.5
P 11   5922.27    0.5
P 36   5992.5    0.5
P 29   6107.14    0.5
P 17   6299.66    0.5
P 1   6316.79    0.5
P 31   6450.23    0.5
P 39   6545.77    0.5
P 37   6633.33    0.5
P 3   6885.68    0.5
P 52   6890.23    0.5
P 18   7032.53    0.5
P 9   7332.12    0.5
