0   5253.27
1   6316.79
2   3550.91
3   6885.68
4   5858.7
5   3222.2
6   -904.316
7   3587.08
8   2071.51
9   7332.12
10   4792.44
11   5922.27
12   3479.65
13   5769.39
14   -282.621
15   2056.67
16   -1240.71
17   6299.66
18   7032.53
19   4348.44
20   -98.3404
21   -327.922
22   -384.752
23   187.182
24   -597.286
25   -540.884
26   1968.85
27   776.329
28   -452.744
29   6107.14
30   48.9455
31   6450.23
32   -1322.5
33   -605.57
34   -2016.97
35   -306.037
36   5992.5
37   6633.33
38   1329.48
39   6545.77
40   -1302.48
41   -894.564
42   -1590.08
43   -370.21
44   309.086
45   41.7372
46   98.9924
47   574.893
48   -1162.37
49   -1046.29
50   161.626
51   703.645
52   6890.23
53   -184.982
54   130.399
55   827.561
56   -1770.27
57   716.101
58   182.336
59   -273.855
60   799.399
61   4537.02
62   314.174
63   2313.05
