0   443.746
1   1067.08
2   1074.7
3   804.794
4   565.111
5   259.905
6   44.8571
7   1056.38
8   214.889
9   741.254
10   1084.46
11   1105.16
12   289.825
13   467.683
14   56.1429
15   39.8254
16   45.7778
17   892.127
18   740.476
19   332.317
20   43
21   45.3651
22   44.1587
23   44.0635
24   45.4603
25   46.0794
26   184.825
27   87.2698
28   45.1905
29   926.667
30   45
31   728.032
32   46.3175
33   45.4444
34   47.3968
35   45.7937
36   606.111
37   703.556
38   117.254
39   900.667
40   46.7143
41   43.9048
42   48.746
43   44.746
44   43.5079
45   42.7778
46   43.9683
47   42.6032
48   45.746
49   47.9206
50   44.0476
51   42.6825
52   603.365
53   44.0794
54   43.0159
55   43.3968
56   47.2857
57   43.1905
58   45.5714
59   43.3175
60   43.3968
61   393.794
62   42.127
63   42.7302
