P   15   39.8254    0.5
P   62   42.127    0.5
P   47   42.6032    0.5
P   51   42.6825    0.5
P   63   42.7302    0.5
P   45   42.7778    0.5
P   20   43    0.5
P   54   43.0159    0.5
P   57   43.1905    0.5
P   59   43.3175    0.5
P   60   43.3968    0.5
P   55   43.3968    0.5
P   44   43.5079    0.5
P   41   43.9048    0.5
P   46   43.9683    0.5
P   50   44.0476    0.5
P   23   44.0635    0.5
P   53   44.0794    0.5
P   22   44.1587    0.5
P   43   44.746    0.5
P   6   44.8571    0.5
P   30   45    0.5
P   28   45.1905    0.5
P   21   45.3651    0.5
P   33   45.4444    0.5
P   24   45.4603    0.5
P   58   45.5714    0.5
P   48   45.746    0.5
P   16   45.7778    0.5
P   35   45.7937    0.5
P   25   46.0794    0.5
P   32   46.3175    0.5
P   40   46.7143    0.5
P   56   47.2857    0.5
P   34   47.3968    0.5
P   49   47.9206    0.5
P   42   48.746    0.5
P   14   56.1429    0.5
P   27   87.2698    0.5
P   38   117.254    0.5
P   26   184.825    0.5
P   8   214.889    0.5
P   5   259.905    0.5
P   12   289.825    0.5
P   19   332.317    0.5
P   61   393.794    0.5
P   0   443.746    0.5
P   13   467.683    0.5
P   4   565.111    0.5
P   52   603.365    0.5
P   36   606.111    0.5
P   37   703.556    0.5
P   31   728.032    0.5
P   18   740.476    0.5
P   9   741.254    0.5
P   3   804.794    0.5
P   17   892.127    0.5
P   39   900.667    0.5
P   29   926.667    0.5
P   7   1056.38    0.5
P   1   1067.08    0.5
P   2   1074.7    0.5
P   10   1084.46    0.5
P   11   1105.16    0.5
