17  193  179  45  50  57  33  52  28  18  50  12  47  38  20  55  35  30  45  17  41  27  51  59  56  24  56  5  52  32  55  27  53  57  73  55  466  512  1146  1363  1004  595  675  1466  1371  1250  958  1357  1230  988  1709  782  964  1132  984  88  1557  949  834  1043  961  133  695  
114  200  171  50  50  53  0  45  22  27  100  898  1879  1750  1997  978  2041  1019  2212  1365  1886  1292  1397  1093  1369  1102  1420  1757  1206  1557  1143  1155  842  1248  1019  1489  1597  1493  1788  1354  1187  1094  1632  824  533  1166  1933  1218  1569  525  1754  1067  1691  1588  870  1086  1037  588  434  1238  602  723  689  
14  180  179  50  50  73  880  440  2726  567  708  1938  2124  812  2345  1262  1623  1522  1313  2111  735  1152  1249  1027  1435  1367  1371  1933  1547  826  1121  1015  1079  1077  1350  1128  1090  964  1038  1360  1434  823  1669  886  866  1155  949  1187  1264  1360  1746  729  855  1011  1107  768  1020  36  559  939  1068  804  690  
22  132  75  50  45  53  17  43  22  37  50  23  47  43  15  45  35  414  897  1394  2195  1175  1659  1193  1541  1481  888  1602  1292  1337  1330  1240  1191  1236  1463  1229  932  1146  1644  940  1022  1076  540  902  641  1137  1138  546  1217  1155  1000  961  1123  1276  1182  141  1411  949  870  956  612  326  348  
66  68  197  50  50  53  14  50  38  45  38  22  45  45  12  41  37  37  38  3  50  42  53  37  56  9  63  17  89  532  803  1865  950  465  809  1889  1035  1207  964  2115  908  1363  1114  1518  1027  1005  613  1604  1071  458  568  720  686  1214  1461  1209  1198  689  1266  1182  136  450  143  
66  250  50  50  50  48  22  43  37  18  40  42  28  57  25  43  32  40  40  17  53  25  48  32  56  19  56  34  53  22  55  35  55  57  43  55  25  50  38  32  50  15  50  35  50  50  380  595  545  1299  1143  724  690  1223  1001  815  406  1466  1292  974  881  722  127  
66  250  50  50  50  57  18  50  20  18  50  17  33  47  22  43  40  45  55  20  43  27  53  32  53  27  56  14  53  17  50  22  53  45  40  55  20  50  38  42  50  25  50  35  50  50  18  62  46  24  50  42  48  50  57  38  50  52  43  45  65  50  35  
22  236  254  280  438  245  220  2806  382  437  1605  662  1805  812  2189  1457  1591  1522  1284  1962  731  1482  1497  1289  957  1159  1615  932  1650  572  2363  1254  705  1406  1648  882  1361  977  1794  903  1050  990  533  863  887  1152  1353  629  1141  1371  1614  513  240  1068  1074  437  1312  1215  598  1289  1219  279  339  
11  268  50  50  50  48  27  43  27  45  53  27  37  43  20  47  23  45  45  20  43  27  60  35  53  32  56  19  53  27  50  45  55  31  34  55  30  50  38  47  55  25  50  25  50  50  25  50  128  593  546  1210  914  960  513  977  262  1606  779  985  1334  176  406  
50  266  50  50  50  53  27  50  40  40  48  37  40  45  20  43  32  35  45  805  569  996  1958  650  1655  689  1652  693  1245  812  1265  1340  1181  1417  1077  1207  1540  758  1417  898  1149  890  542  906  841  1106  1437  654  1988  1412  949  475  478  1074  1641  909  1074  564  1006  1038  381  348  992  
17  278  50  50  50  48  22  157  1053  240  2806  162  650  2374  1139  1908  2539  1981  1061  1854  1011  1209  1886  1545  1749  790  1524  834  1272  1006  1019  1807  1097  2430  1117  1579  1576  1109  1287  1513  941  979  1250  1259  243  1125  1215  1634  1054  934  1835  652  1127  1347  1220  1008  400  294  1049  1124  474  972  386  
22  182  50  50  50  52  0  50  33  536  1011  2780  545  570  2073  1142  1735  2063  1079  1582  1220  1301  1380  1146  1098  1294  1120  1858  1845  864  1104  1557  1044  2431  850  1977  1229  1298  1114  1905  1176  1011  1062  1286  1294  1113  738  1791  1559  1133  1022  933  1306  1229  1133  782  1825  716  807  1215  942  1149  1163  
22  0  192  50  50  53  19  50  28  18  50  32  45  50  15  38  42  35  50  35  43  27  53  37  53  12  56  16  51  17  55  32  48  42  48  55  25  50  47  38  55  15  50  384  575  356  679  490  1341  462  907  951  691  304  1703  985  1713  461  1197  1255  461  526  1019  
22  182  50  50  50  53  34  41  37  25  43  27  28  37  35  52  18  35  50  25  43  37  53  47  53  37  58  17  53  27  55  6  49  306  436  737  1019  1586  626  1180  1135  1336  1351  1071  510  957  1225  1559  949  1494  1218  148  1126  1010  1407  1013  1059  395  1164  702  526  477  313  
22  132  75  45  50  53  22  43  22  32  41  32  35  45  20  38  17  35  45  25  43  22  53  12  53  37  56  34  48  32  50  22  53  31  34  55  15  50  50  35  55  30  45  37  48  50  55  55  46  19  50  35  50  50  33  27  50  43  32  50  419  318  326  
18  21  50  50  50  53  27  43  27  30  43  37  28  47  10  43  37  42  48  25  43  22  53  47  53  27  56  34  60  20  55  25  50  33  32  55  12  48  38  37  55  20  45  25  45  50  50  55  48  27  50  40  45  50  47  38  50  45  35  50  26  49  35  
11  135  238  50  50  53  27  43  42  35  43  32  40  45  37  41  37  23  47  12  53  35  53  22  53  32  51  19  53  32  50  37  53  31  34  55  27  48  38  32  55  20  50  27  48  50  35  45  51  19  50  50  50  50  50  35  50  60  40  50  67  48  35  
17  145  228  50  50  53  34  48  35  37  41  12  28  47  15  155  921  265  2843  882  2314  644  2308  1004  1461  1251  1705  1132  1567  1139  1817  1153  682  1693  876  1060  1749  933  1642  1216  1064  590  1065  881  1510  566  1757  1083  1420  1201  862  582  1100  1555  553  1070  643  650  1071  1100  498  1181  950  
34  144  222  45  50  53  19  41  32  23  50  22  28  32  20  38  37  35  50  27  121  873  955  989  1514  633  836  1994  987  1385  605  1195  1540  1385  1137  1263  1379  631  1687  818  1096  1012  843  2087  1294  1264  1292  817  1151  1391  1190  1171  632  1214  1061  678  1089  941  448  1284  932  420  414  
34  152  155  50  50  48  12  52  23  50  55  20  28  37  20  38  32  35  55  30  48  27  53  32  53  42  56  9  53  22  55  37  48  32  48  55  45  50  38  17  55  364  806  843  710  1377  807  741  1402  972  1006  319  1189  1182  995  968  1026  658  934  701  629  688  768  
11  246  57  50  50  53  7  43  22  18  40  22  35  45  20  50  40  40  50  22  41  27  46  14  53  32  56  9  53  22  55  35  55  33  47  55  30  50  38  42  55  35  50  35  50  45  40  55  43  12  50  42  38  50  33  42  50  43  37  50  57  48  35  
11  247  50  50  50  53  22  43  37  42  48  20  37  33  32  41  37  23  57  25  55  35  48  27  53  47  56  29  53  27  50  40  55  57  38  55  30  45  52  38  50  25  50  35  50  50  25  35  51  29  50  35  45  50  42  48  50  43  47  50  65  50  35  
11  220  51  50  50  53  37  43  37  25  48  22  35  45  20  38  37  30  40  17  41  42  48  62  53  17  56  0  52  47  50  40  55  33  57  55  27  48  38  27  55  25  50  18  52  50  47  48  60  40  50  42  43  50  52  38  50  52  23  50  45  50  35  
11  220  50  50  50  48  14  48  25  27  36  27  50  40  30  38  12  37  48  37  48  30  53  27  53  22  56  9  60  30  55  35  55  57  38  55  32  48  38  37  55  40  50  30  50  50  16  44  56  49  50  37  43  50  47  38  50  55  35  50  60  50  35  
34  314  51  50  50  53  14  41  27  23  52  25  47  38  25  50  25  30  35  27  41  32  48  27  53  17  56  24  53  32  50  67  48  47  58  55  30  50  38  37  55  20  50  27  48  50  37  53  46  24  50  28  47  50  38  52  50  43  42  50  47  48  35  
17  269  87  50  50  53  19  41  37  40  38  22  28  37  35  43  22  32  43  30  48  47  48  27  53  32  56  39  53  27  50  20  50  36  44  55  25  50  55  45  50  20  45  32  48  50  35  55  43  37  50  37  48  50  55  40  50  55  45  50  72  48  35  
82  132  197  45  50  53  24  50  23  35  48  32  40  50  17  41  27  35  50  20  52  13  48  52  53  27  51  34  53  22  50  40  50  47  53  55  15  50  38  42  55  20  45  18  52  50  42  53  48  47  50  354  535  398  1441  826  810  512  1056  1082  1175  595  484  
11  227  49  50  50  53  17  43  47  35  48  22  37  48  25  38  37  40  45  40  48  37  53  52  53  12  58  37  53  27  55  40  55  31  39  55  25  50  45  30  55  20  50  45  45  50  16  54  48  32  50  37  43  50  62  33  50  160  476  721  772  379  433  
11  236  50  50  50  53  32  43  47  45  38  22  35  50  10  43  37  40  55  22  48  30  53  37  53  17  56  44  53  32  55  40  50  42  38  55  25  45  52  43  55  25  50  45  45  50  35  45  53  42  50  37  43  50  47  33  50  38  37  50  45  50  35  
98  277  50  50  50  53  27  43  37  32  48  25  354  1025  1424  1894  518  1680  983  1852  1160  2210  928  1372  1980  660  1647  913  1184  1477  568  1149  1353  1425  1077  1240  1432  863  1576  855  1031  1088  549  850  1572  561  1706  1193  1188  1131  1173  502  909  1061  1144  1682  393  347  1015  1219  1724  513  240  
11  204  50  45  50  53  17  50  40  32  36  47  37  48  20  43  27  32  43  30  50  35  53  22  53  27  48  62  53  37  50  22  48  45  45  55  30  50  50  35  55  22  48  45  45  50  30  60  43  47  50  45  50  50  42  48  50  55  35  50  47  48  35  
46  148  50  50  50  53  22  43  32  32  41  27  50  50  25  38  37  45  50  25  38  17  103  597  783  2391  800  663  2322  886  1985  931  954  1273  807  1198  920  1503  481  1568  1371  1279  1272  1070  562  1234  1856  691  1518  1166  864  764  953  1061  838  1598  826  1273  925  1044  1465  517  585  
50  160  228  50  50  53  12  52  28  23  45  17  33  52  32  48  25  42  48  10  48  27  60  35  53  32  53  34  51  37  50  50  50  31  34  60  35  50  45  35  50  30  45  32  48  50  42  53  46  29  50  42  43  50  42  33  50  43  37  50  40  50  35  
11  119  228  50  50  53  17  43  27  18  40  32  40  50  20  50  25  30  45  30  48  47  46  44  53  37  56  34  53  22  50  30  55  33  52  60  20  45  50  30  55  25  50  32  43  50  30  55  55  35  50  55  50  45  38  52  50  45  45  50  23  52  35  
114  144  228  50  50  53  27  43  42  18  35  32  45  45  35  38  37  30  40  27  45  23  53  32  53  27  51  34  53  27  50  15  50  47  48  55  22  48  38  42  50  30  50  35  47  48  30  55  46  29  50  35  50  50  57  38  50  38  52  50  65  50  35  
11  87  217  50  45  53  22  43  32  35  48  42  50  35  27  41  47  23  47  30  43  42  55  30  53  22  53  22  55  25  50  32  53  45  45  55  20  45  55  45  55  20  50  30  45  50  42  48  56  44  50  40  50  50  45  40  50  57  33  50  65  50  35  
11  71  228  50  50  53  22  38  37  32  36  27  37  28  40  52  28  35  50  25  43  32  75  35  53  27  53  27  60  20  55  418  654  1501  1229  827  741  1382  1086  1047  823  1099  1974  729  1054  1955  1262  1772  1747  801  864  1357  1199  953  1651  1490  1433  627  1381  1036  975  1096  592  
11  55  228  50  50  48  32  45  20  23  57  30  37  43  22  36  32  30  50  32  36  32  48  37  69  619  795  1949  1267  738  1953  1123  1179  1739  1806  526  1655  1258  1741  1142  1250  1315  2130  1150  112  1358  835  1455  1064  1314  1123  1062  678  1260  937  714  588  1021  1269  1155  621  672  598  
11  39  228  50  50  48  32  43  37  40  45  15  33  42  40  47  33  45  45  20  38  37  53  47  53  27  48  12  48  37  50  35  55  37  53  55  20  50  52  43  50  3  47  37  48  50  25  55  46  34  50  40  50  50  281  267  374  635  513  1338  627  480  494  
11  23  217  45  50  53  22  43  37  18  50  32  42  48  653  1314  2404  542  701  2004  537  1993  696  1268  1171  2020  906  1856  1046  883  976  1238  1331  516  1514  1520  1456  1198  863  1757  1351  986  1086  977  1421  1359  1188  1112  1162  562  1219  575  1736  729  1044  1005  542  1315  1319  1185  1143  442  230  
50  160  228  50  45  53  12  52  28  30  48  32  33  47  35  38  22  40  55  20  43  27  48  22  53  37  53  29  51  27  50  52  53  31  39  55  30  45  43  37  55  30  47  40  48  50  42  48  60  40  50  45  50  45  38  42  50  50  40  50  35  50  35  
11  87  228  50  45  53  32  55  40  35  43  32  28  42  37  41  22  32  43  10  43  37  60  25  53  22  53  7  48  42  50  25  50  50  35  55  20  50  43  37  55  10  50  30  50  50  30  55  46  24  50  37  38  50  60  45  50  38  42  50  52  48  35  
98  160  228  45  50  53  17  52  23  42  46  32  45  40  15  38  47  23  52  22  41  27  53  42  53  22  53  22  53  32  50  45  55  87  58  55  12  48  38  47  55  22  48  40  50  50  32  48  53  47  50  55  50  50  42  43  50  38  37  50  55  50  35  
11  71  217  50  50  53  22  43  32  40  45  40  28  52  15  38  32  23  47  15  43  32  46  54  53  22  53  44  51  27  50  15  50  42  33  55  10  50  47  43  55  30  50  25  50  50  65  55  46  14  50  42  48  45  55  40  50  50  45  50  77  48  35  
11  20  220  50  50  48  17  43  32  18  50  37  40  50  25  38  27  52  53  20  43  22  51  19  53  32  53  17  53  22  50  25  55  65  55  60  15  50  50  45  55  27  48  32  48  50  35  50  62  33  50  37  43  50  33  37  50  50  40  50  42  48  35  
11  6  213  50  50  53  17  43  32  40  48  32  28  47  25  38  42  40  35  3  45  22  48  32  53  27  53  17  53  27  55  45  55  33  47  55  17  43  52  38  55  20  50  37  48  50  30  40  53  32  50  35  45  50  52  43  45  43  52  50  60  50  35  
11  6  213  50  50  53  32  43  32  32  46  32  35  30  22  41  27  35  55  32  55  28  48  32  48  27  53  47  53  37  55  37  53  72  43  55  20  50  47  28  50  32  48  32  48  50  18  47  53  32  50  47  48  50  38  37  50  43  42  45  60  50  35  
22  68  124  50  50  53  7  52  23  37  36  27  28  42  30  50  30  37  48  3  52  40  55  40  53  27  53  37  53  22  50  30  55  33  42  55  15  50  38  37  55  22  48  32  48  50  37  58  46  49  50  35  45  50  55  35  50  52  33  50  45  50  35  
82  314  51  50  50  53  12  38  22  35  45  25  37  43  25  50  45  32  43  20  43  27  51  49  53  7  53  14  51  27  50  20  55  33  47  55  35  50  52  48  50  40  47  30  48  50  40  50  53  32  50  28  52  50  33  47  50  43  27  50  35  50  35  
66  282  51  50  50  53  17  43  37  42  36  32  40  45  35  45  35  40  50  27  55  28  51  34  53  27  53  37  53  32  55  75  55  38  37  55  32  43  43  32  50  30  50  35  50  45  65  40  51  44  50  42  48  50  33  37  50  50  45  50  55  50  35  
11  193  51  50  50  53  19  50  28  30  43  22  42  43  12  53  25  35  50  35  57  18  53  47  53  37  48  22  53  27  50  30  55  22  43  55  20  50  43  32  55  15  45  42  43  50  47  48  65  45  50  35  45  50  52  48  50  43  47  50  55  50  35  
46  142  51  50  50  53  4  48  25  18  40  27  33  42  3  45  22  40  50  25  43  27  46  19  53  37  53  17  53  32  55  45  55  47  28  55  30  50  43  37  50  40  50  35  50  45  30  55  43  47  50  40  45  50  57  38  50  50  40  50  50  50  35  
11  3  227  50  50  53  17  43  27  32  46  22  40  40  30  43  37  40  50  12  36  32  46  24  53  37  53  652  755  1308  1528  804  1104  1723  1011  1555  909  974  849  1364  1382  886  1482  800  842  1228  1313  746  1000  908  1462  758  1057  1306  960  859  1290  1223  909  1171  123  434  183  
11  23  223  50  50  53  22  43  22  30  55  20  55  45  22  48  40  32  53  15  43  37  51  44  53  32  53  17  53  37  55  20  50  33  37  55  30  45  43  37  50  25  50  30  50  50  40  55  51  34  50  35  50  45  38  37  50  45  45  50  75  50  35  
11  0  214  50  50  53  22  47  33  42  45  13  40  35  17  36  32  32  48  32  41  32  51  29  53  32  53  32  55  15  55  40  55  37  48  55  22  43  50  35  50  30  50  35  50  50  18  47  53  57  45  40  50  50  33  42  50  43  47  45  55  50  35  
22  24  163  50  50  53  17  43  37  25  43  17  42  28  15  60  35  23  47  22  41  32  46  34  53  37  53  27  53  32  50  30  55  50  35  55  25  45  52  23  55  25  50  45  50  50  32  43  65  40  50  50  45  50  47  38  50  52  43  50  77  48  35  
82  236  146  50  45  53  22  55  40  30  43  27  28  42  20  38  27  32  48  32  50  18  53  37  53  32  53  34  51  42  50  15  55  36  59  60  35  45  38  47  55  30  45  42  48  50  32  48  48  37  50  42  48  50  33  52  50  52  38  50  35  50  35  
11  99  141  50  50  53  7  38  17  37  41  32  42  28  35  38  47  32  43  3  52  30  51  39  53  22  53  27  53  27  55  37  53  62  38  55  40  50  47  33  50  20  45  35  50  45  40  45  53  47  50  45  45  50  42  48  50  43  37  50  26  49  35  
11  171  74  50  50  53  37  43  27  40  45  25  40  45  20  47  43  40  55  25  38  17  56  44  53  27  53  32  53  32  50  30  55  42  33  55  30  50  52  33  55  30  47  40  48  50  72  48  46  54  50  42  48  50  57  33  50  50  45  50  47  48  35  
22  132  65  50  50  53  32  43  27  42  41  42  40  50  17  36  32  23  42  35  43  27  51  44  53  22  53  17  53  22  55  22  53  31  34  60  20  50  45  35  55  20  50  27  43  50  42  48  48  42  50  60  45  50  33  27  50  55  45  50  92  48  35  
22  132  75  50  50  53  22  43  27  32  41  32  28  42  20  43  22  32  48  25  43  32  46  14  53  37  53  44  51  22  55  30  55  33  42  55  30  50  38  42  55  20  50  35  50  50  27  38  90  35  50  55  50  50  47  48  50  38  47  50  50  50  35  
22  78  119  50  50  48  32  50  30  32  41  32  28  42  25  52  23  23  47  35  43  32  51  24  53  27  53  44  51  27  50  40  50  33  47  55  15  50  152  724  623  955  2039  607  680  822  1189  1553  1034  620  982  932  1518  825  996  924  779  957  768  955  1215  898  458  
22  0  187  50  50  52  18  43  27  40  43  27  37  48  22  41  22  23  57  20  48  32  46  24  53  32  53  19  51  22  50  40  50  33  32  60  25  50  43  42  55  30  50  35  50  45  47  43  51  34  50  28  52  50  57  38  50  52  23  50  45  50  35  
46  21  50  50  50  53  22  52  28  32  41  32  28  37  35  47  43  37  43  30  55  30  48  47  53  37  53  32  53  32  55  20  55  77  38  55  35  45  38  22  55  25  45  45  50  50  50  45  53  47  50  42  38  50  33  47  50  43  37  50  45  50  35  
