0   94.2308
1   104.556
2   88.6154
3   550.872
4   72.6496
5   69.6838
6   84.1197
7   521.248
8   110.137
9   127.308
10   98.9829
11   559.821
12   80.735
13   76.2735
14   71.3932
15   587.838
16   121.077
17   128.65
18   124.462
19   564.821
20   93.9487
21   79.8974
22   76.5983
23   525.752
24   572.436
25   136.65
26   131.744
27   119.598
28   99.0513
29   91.8376
30   565.453
31   74.7521
32   134.291
33   163.239
34   158.376
35   608.581
36   115.496
37   105.923
38   94.9915
39   556.043
40   137.359
41   621.752
42   143.034
43   134.496
44   562.068
45   132.248
46   100.983
47   109.256
48   135.556
49   143
50   609.855
51   125.769
52   113.932
53   102.453
54   85.2564
55   508.479
56   120.872
57   618.795
58   126.667
59   110.966
60   535.556
61   95.8718
62   82.0769
63   91.453
