0   791.594
1   183.638
2   224.455
3   9221.67
4   646.399
5   517.198
6   4872.71
7   9238.13
8   66.9508
9   4480.78
10   134.384
11   9110.09
12   358.772
13   445.966
14   681.122
15   9128.17
16   -163.165
17   -114.324
18   3980.94
19   9235.61
20   219.79
21   477.168
22   456.922
23   9246.22
24   9194.87
25   -409.412
26   -359.281
27   6.03876
28   341.482
29   545.751
30   9167.58
31   569.759
32   -592.417
33   4243.45
34   4044.71
35   9198.94
36   166.483
37   269.284
38   277.528
39   9249.73
40   -403.814
41   9222.81
42   -762.078
43   -592.449
44   9168.02
45   4591.78
46   404.949
47   4281.63
48   -792.058
49   -929.757
50   9224.38
51   16.6599
52   202.495
53   397.133
54   397.2
55   9052.63
56   -175.302
57   9178.31
58   -25.6327
59   327.687
60   9080.51
61   541.982
62   435.727
63   4286.99
