P 49   -929.757    0.5
P 48   -792.058    0.5
P 42   -762.078    0.5
P 43   -592.449    0.5
P 32   -592.417    0.5
P 25   -409.412    0.5
P 40   -403.814    0.5
P 26   -359.281    0.5
P 56   -175.302    0.5
P 16   -163.165    0.5
P 17   -114.324    0.5
P 58   -25.6327    0.5
P 27   6.03876    0.5
P 51   16.6599    0.5
P 8   66.9508    0.5
P 10   134.384    0.5
P 36   166.483    0.5
P 1   183.638    0.5
P 52   202.495    0.5
P 20   219.79    0.5
P 2   224.455    0.5
P 37   269.284    0.5
P 38   277.528    0.5
P 59   327.687    0.5
P 28   341.482    0.5
P 12   358.772    0.5
P 53   397.133    0.5
P 54   397.2    0.5
P 46   404.949    0.5
P 62   435.727    0.5
P 13   445.966    0.5
P 22   456.922    0.5
P 21   477.168    0.5
P 5   517.198    0.5
P 61   541.982    0.5
P 29   545.751    0.5
P 31   569.759    0.5
P 4   646.399    0.5
P 14   681.122    0.5
P 0   791.594    0.5
P 18   3980.94    0.5
P 34   4044.71    0.5
P 33   4243.45    0.5
P 47   4281.63    0.5
P 63   4286.99    0.5
P 9   4480.78    0.5
P 45   4591.78    0.5
P 6   4872.71    0.5
P 55   9052.63    0.5
P 60   9080.51    0.5
P 11   9110.09    0.5
P 15   9128.17    0.5
P 30   9167.58    0.5
P 44   9168.02    0.5
P 57   9178.31    0.5
P 24   9194.87    0.5
P 35   9198.94    0.5
P 3   9221.67    0.5
P 41   9222.81    0.5
P 50   9224.38    0.5
P 19   9235.61    0.5
P 7   9238.13    0.5
P 23   9246.22    0.5
P 39   9249.73    0.5
