P   5   69.6838    0.5
P   14   71.3932    0.5
P   4   72.6496    0.5
P   31   74.7521    0.5
P   13   76.2735    0.5
P   22   76.5983    0.5
P   21   79.8974    0.5
P   12   80.735    0.5
P   62   82.0769    0.5
P   6   84.1197    0.5
P   54   85.2564    0.5
P   2   88.6154    0.5
P   63   91.453    0.5
P   29   91.8376    0.5
P   20   93.9487    0.5
P   0   94.2308    0.5
P   38   94.9915    0.5
P   61   95.8718    0.5
P   10   98.9829    0.5
P   28   99.0513    0.5
P   46   100.983    0.5
P   53   102.453    0.5
P   1   104.556    0.5
P   37   105.923    0.5
P   47   109.256    0.5
P   8   110.137    0.5
P   59   110.966    0.5
P   52   113.932    0.5
P   36   115.496    0.5
P   27   119.598    0.5
P   56   120.872    0.5
P   16   121.077    0.5
P   18   124.462    0.5
P   51   125.769    0.5
P   58   126.667    0.5
P   9   127.308    0.5
P   17   128.65    0.5
P   26   131.744    0.5
P   45   132.248    0.5
P   32   134.291    0.5
P   43   134.496    0.5
P   48   135.556    0.5
P   25   136.65    0.5
P   40   137.359    0.5
P   49   143    0.5
P   42   143.034    0.5
P   34   158.376    0.5
P   33   163.239    0.5
P   55   508.479    0.5
P   7   521.248    0.5
P   23   525.752    0.5
P   60   535.556    0.5
P   3   550.872    0.5
P   39   556.043    0.5
P   11   559.821    0.5
P   44   562.068    0.5
P   19   564.821    0.5
P   30   565.453    0.5
P   24   572.436    0.5
P   15   587.838    0.5
P   35   608.581    0.5
P   50   609.855    0.5
P   57   618.795    0.5
P   41   621.752    0.5
