9  25  181  50  50  37  33  28  52  30  48  32  33  42  40  53  42  57  38  47  43  35  50  40  23  50  37  38  42  35  43  42  38  47  50  53  22  53  27  50  50  35  47  43  35  55  45  33  52  50  48  42  55  45  45  50  40  38  47  50  53  32  50  50  50  43  47  50  48  47  45  50  45  120  1207  466  140  140  140  140  140  126  140  140  140  140  140  137  129  140  140  140  140  140  126  140  140  140  140  140  140  126  140  140  140  140  140  126  140  140  140  337  204  72  45  169  315  
9  3  183  50  50  28  52  37  53  30  57  33  40  55  20  53  22  43  27  45  60  20  52  43  42  53  30  38  32  18  50  47  38  42  42  56  37  53  37  52  48  45  43  42  50  55  40  45  45  55  48  47  50  50  40  55  1209  525  140  140  140  140  140  126  140  140  140  140  140  140  126  140  140  140  140  140  126  140  140  140  140  140  140  126  140  140  140  140  140  126  140  140  140  140  140  140  126  140  140  140  140  140  140  126  140  140  140  140  140  126  140  336  223  60  33  49  0  
12  217  50  50  45  33  47  35  50  35  48  27  40  45  15  53  22  43  47  45  60  35  43  42  40  53  34  41  47  40  52  33  50  45  30  58  32  53  42  55  45  30  55  50  35  55  40  40  50  40  48  32  50  45  40  55  40  50  50  45  53  37  45  50  40  55  45  55  48  52  50  50  45  48  52  40  60  1196  538  140  140  140  140  140  126  140  140  140  140  140  126  140  140  140  140  140  140  126  140  140  140  140  140  140  126  140  140  140  140  140  140  321  223  25  30  47  0  
20  191  50  50  50  42  33  45  50  25  48  32  28  52  35  53  32  38  32  45  55  25  48  37  35  53  32  52  48  45  50  40  40  45  25  58  32  60  35  38  52  35  38  52  50  50  45  47  43  50  53  47  47  43  40  55  40  47  43  50  58  37  40  50  40  43  47  675  1143  141  140  140  140  126  140  174  140  140  226  126  140  140  140  140  140  140  126  140  140  140  140  140  126  140  140  140  140  140  126  140  140  140  140  140  126  140  140  140  140  140  137  355  6486  15240  15521  15631  441  
12  11  177  50  50  33  37  47  43  35  48  27  28  57  40  53  27  38  47  42  43  25  43  42  35  48  27  38  52  45  43  32  38  42  30  53  37  53  32  45  50  50  38  47  40  55  50  45  50  35  53  42  45  50  40  50  45  43  52  45  53  42  55  45  45  55  45  60  55  50  55  50  50  55  50  45  60  40  50  50  50  53  52  50  50  55  50  50  60  50  55  50  60  55  50  60  55  55  55  1196  552  140  126  140  140  140  140  140  140  126  140  349  198  55  62  61  0  
30  254  50  50  50  40  40  37  48  30  55  35  28  42  30  53  37  55  45  33  57  30  43  32  23  50  42  38  42  37  46  39  45  43  30  53  42  48  37  47  38  40  50  45  45  55  35  50  50  50  48  42  38  47  45  55  45  38  52  50  53  37  60  50  40  55  50  45  60  40  52  48  45  53  47  50  55  40  50  45  50  53  52  55  50  50  50  55  55  50  55  50  50  60  45  60  50  55  55  55  55  50  55  87  1221  504  140  126  140  140  140  321  213  40  51  56  0  
12  216  50  45  50  47  43  47  43  25  48  37  28  52  30  53  32  47  38  47  48  20  55  35  35  53  37  38  42  30  43  37  47  38  35  58  32  53  37  50  50  35  43  52  40  55  50  42  43  50  48  42  38  47  45  55  45  47  48  45  53  42  50  50  50  55  50  50  48  52  45  45  55  55  50  50  60  45  55  50  55  53  47  50  50  50  50  50  60  45  55  50  60  55  50  55  55  50  55  50  60  50  60  55  50  60  50  580  1141  140  140  321  169  1884  140  140  14  
43  148  50  50  50  32  38  37  48  25  55  25  45  50  35  53  42  50  35  33  62  20  43  37  37  51  27  52  43  45  43  42  38  47  42  56  42  60  30  45  50  45  50  45  40  55  35  33  52  40  48  47  45  50  45  55  45  47  43  45  58  37  45  50  45  43  52  40  55  45  60  50  50  60  50  50  55  45  50  50  45  58  52  55  50  55  50  45  60  50  55  50  60  48  52  55  55  50  55  55  50  50  60  60  50  60  50  55  100  1141  697  353  7280  15089  15537  15412  176  
12  147  76  50  45  37  38  40  50  35  48  27  52  48  35  53  27  43  42  45  45  20  43  42  40  60  35  47  38  40  60  40  50  45  40  53  27  53  32  38  52  35  50  50  40  55  25  42  48  665  1056  140  140  140  140  140  126  140  140  140  140  140  126  140  140  140  140  140  140  126  140  140  140  140  140  126  140  140  140  140  140  140  126  140  140  140  140  140  140  126  140  140  140  140  140  126  140  140  140  140  140  140  126  140  140  140  140  140  137  129  140  335  213  50  36  60  2  
9  196  50  50  50  28  42  35  45  30  48  42  45  45  15  58  32  38  32  42  43  20  48  37  32  46  37  38  47  45  43  37  38  47  45  53  32  53  42  38  47  40  47  38  35  55  40  354  1208  277  140  140  140  126  140  140  140  140  140  126  140  140  140  140  140  140  126  140  140  140  140  140  140  126  140  140  140  140  140  126  140  140  140  140  140  140  126  140  140  140  140  140  140  126  140  140  140  140  140  132  134  140  140  140  140  140  126  140  140  140  140  326  216  67  1824  140  14  
12  0  198  50  50  35  50  42  53  30  48  22  45  50  35  53  22  38  37  28  57  25  48  37  47  53  40  38  47  35  43  42  45  45  45  58  52  48  42  33  52  40  43  52  40  55  30  38  47  40  48  42  50  45  50  55  40  47  48  40  58  47  40  50  911  937  140  140  140  140  140  126  140  140  140  140  140  140  126  140  140  140  140  140  126  140  140  140  140  140  140  126  140  140  140  140  140  137  129  140  140  140  140  140  126  140  140  140  140  140  140  316  218  35  28  45  0  
20  196  45  50  50  40  50  28  57  30  48  37  28  57  35  53  32  38  47  40  55  35  52  38  45  53  37  45  40  18  62  45  38  47  52  56  42  53  32  50  45  30  38  52  35  55  45  33  47  50  48  47  38  47  55  55  35  38  47  45  58  32  45  50  40  52  43  60  48  52  50  50  55  48  52  45  60  40  290  1349  482  140  126  140  140  140  140  140  126  140  140  140  140  140  140  126  140  140  140  140  140  126  140  140  140  140  140  126  140  140  140  353  12217  15060  15630  11643  704  
20  0  166  50  50  42  43  28  47  35  48  42  45  45  20  53  32  45  35  33  57  35  50  45  50  48  37  50  30  35  43  32  55  35  45  53  42  53  47  33  52  50  45  50  40  55  35  33  52  40  55  50  47  43  45  55  35  50  45  45  53  42  55  50  45  55  40  60  48  52  50  50  50  48  47  45  60  40  55  50  55  53  47  55  50  55  50  55  55  1288  578  126  140  140  140  140  140  140  126  140  140  140  140  140  126  140  140  140  140  140  140  331  218  45  32  43  7  
20  0  186  50  50  32  48  28  42  20  48  27  52  43  20  53  32  43  32  33  57  30  48  27  32  46  27  38  42  35  55  40  38  37  40  53  32  53  37  33  47  40  50  50  30  55  40  57  48  45  53  52  52  43  35  55  45  52  43  40  58  32  50  50  55  43  47  50  57  48  50  50  45  48  47  50  60  45  55  50  60  60  50  55  45  60  50  55  55  45  55  50  55  100  1324  501  140  140  126  140  140  140  140  140  140  126  140  140  140  140  140  307  208  45  41  50  0  
20  10  186  50  50  42  43  28  52  25  48  32  33  57  25  53  32  38  37  28  57  40  52  33  30  48  32  38  42  55  48  37  45  45  40  53  37  53  32  50  45  35  52  38  50  50  45  42  48  45  55  45  38  52  45  55  45  55  50  40  58  37  45  50  55  50  50  45  55  50  50  50  50  48  52  55  55  45  55  50  55  53  52  55  50  55  45  60  55  45  55  50  55  60  50  55  50  55  55  50  60  50  571  1268  140  140  126  140  140  140  140  307  167  101  62  50  0  
51  226  372  733  231  352  141  140  126  140  140  140  140  140  140  126  140  140  140  140  140  140  126  140  140  140  140  140  140  126  140  140  140  140  140  140  126  140  140  140  140  140  140  126  140  140  140  140  140  140  126  140  140  140  140  140  140  126  140  140  140  140  140  140  126  140  140  140  140  140  140  126  140  140  140  140  140  140  126  140  140  140  140  140  140  126  140  140  140  140  153  140  140  140  140  167  140  140  126  140  140  140  140  167  140  140  140  140  140  140  240  328  4741  15043  15530  15590  894  
9  49  130  191  50  32  48  45  55  30  48  27  28  47  30  53  32  50  30  45  50  30  43  37  40  53  47  38  47  40  43  47  57  48  40  53  32  82  1336  498  140  126  140  140  140  140  140  140  126  140  140  140  140  140  126  140  140  140  140  140  140  126  140  140  140  140  140  136  130  140  140  140  140  140  126  140  140  140  140  140  140  126  140  140  140  140  140  126  140  140  140  140  140  140  126  140  140  140  140  140  140  126  140  140  140  140  140  126  140  140  140  335  198  40  33  84  0  
12  46  243  74  50  28  47  32  48  25  48  42  47  38  10  53  17  45  40  45  55  15  55  25  28  55  37  309  1322  312  140  140  140  140  126  140  140  140  140  140  126  140  140  140  140  140  140  126  140  140  140  140  140  140  126  140  140  140  140  140  126  140  140  140  140  140  140  126  140  140  140  140  140  140  126  140  140  140  140  140  126  140  140  140  140  140  129  137  140  140  140  140  140  126  140  140  140  140  140  140  126  140  140  140  140  140  140  126  140  140  140  316  76  172  50  63  0  
12  46  116  191  45  37  33  40  50  35  48  27  28  47  20  53  32  52  23  50  55  25  43  42  40  53  27  38  37  35  55  40  38  47  45  58  42  48  32  50  50  25  43  42  40  55  45  33  47  50  60  45  295  1339  309  140  140  140  140  140  140  126  140  140  140  140  140  136  130  140  140  140  140  140  126  140  140  140  140  140  140  126  140  140  140  140  140  126  140  140  140  140  140  140  126  140  140  140  140  140  137  129  140  140  140  140  140  126  140  140  140  316  167  71  26  1927  14  
9  35  215  51  50  40  35  35  50  25  48  32  40  45  35  53  32  47  38  37  58  35  43  37  23  55  47  38  47  50  52  33  45  50  30  53  32  53  27  50  40  40  50  40  45  55  40  45  45  45  48  42  45  50  35  55  45  55  45  55  53  1370  666  140  140  126  140  140  140  140  140  126  140  140  140  140  140  126  140  140  140  140  140  126  140  140  140  140  140  140  126  140  140  140  140  140  140  126  140  140  140  140  140  126  140  140  140  140  140  126  140  366  10030  15010  15499  13484  268  
9  6  253  74  50  37  43  32  58  25  48  37  45  40  25  53  22  60  35  45  55  30  43  42  50  53  32  50  45  30  43  42  47  43  40  58  42  53  42  50  50  45  47  43  35  55  30  45  50  45  48  42  55  45  40  55  35  55  50  55  53  37  55  50  40  55  45  50  48  47  55  50  574  1279  126  140  140  140  140  140  140  126  140  140  140  140  140  126  140  140  140  140  140  140  126  140  140  140  140  140  126  140  140  140  140  140  140  126  140  140  140  326  193  55  38  34  0  
9  105  130  191  50  42  38  37  43  15  48  27  45  45  25  53  32  52  43  47  43  35  43  32  45  48  42  50  40  35  52  38  38  37  35  58  32  53  32  50  40  45  38  47  50  50  30  47  43  50  53  32  50  45  45  55  45  50  45  50  53  47  35  50  55  55  45  45  55  50  38  52  60  55  45  55  60  50  55  50  50  58  47  55  50  55  50  55  55  50  60  50  561  1278  140  140  140  140  126  140  140  140  140  140  140  126  140  140  140  140  140  314  215  60  48  50  0  
9  77  130  191  50  33  42  45  45  15  60  35  35  55  35  60  20  38  37  42  58  25  43  37  32  51  37  47  33  25  48  37  45  50  40  58  32  53  27  42  48  45  38  42  45  50  35  40  50  40  55  40  50  50  55  50  50  38  47  50  53  32  50  50  40  43  52  50  48  42  55  50  55  55  50  50  60  45  50  50  55  53  52  50  50  55  50  60  60  50  50  50  55  53  52  443  1317  201  140  126  140  140  140  140  140  140  126  140  140  140  140  321  132  136  26  27  0  
9  21  201  51  50  32  43  55  55  35  43  32  28  52  25  53  47  38  42  45  45  20  43  32  30  48  27  38  42  45  55  30  55  50  30  58  32  53  27  50  50  30  38  37  35  55  45  45  45  50  60  35  38  52  40  55  30  50  50  45  58  47  50  50  45  50  45  50  48  47  60  50  50  55  50  50  55  45  50  50  50  60  45  55  50  55  50  55  55  50  55  50  50  60  50  50  55  50  60  50  60  50  55  60  50  310  1319  468  140  140  140  339  7702  15050  15534  15032  352  
9  35  228  61  50  32  43  42  43  30  55  25  47  38  15  53  17  38  42  33  57  25  50  35  40  60  35  47  28  45  43  27  47  43  568  1262  140  140  140  126  140  140  140  140  140  126  140  140  140  140  140  140  126  140  140  140  140  140  140  126  140  140  140  140  140  140  126  140  140  140  140  140  126  140  140  140  140  140  140  126  140  140  140  140  140  126  140  140  140  140  140  140  126  140  140  140  140  140  140  126  140  140  140  140  140  140  126  140  140  140  140  353  6037  14951  15557  15492  891  
44  140  229  46  50  37  38  42  43  30  55  35  45  45  35  53  22  52  38  459  1306  201  140  126  140  140  140  140  140  126  140  140  140  140  140  140  126  140  140  140  140  140  140  126  140  140  140  140  140  126  140  140  140  140  140  137  129  140  140  140  140  140  126  140  140  140  140  140  140  126  140  140  140  140  140  140  126  140  140  140  140  140  126  140  140  140  140  140  140  126  140  140  140  140  140  126  140  140  140  140  140  140  126  140  140  140  140  140  132  134  140  326  75  183  37  40  18  
12  60  220  69  50  35  45  37  43  35  48  37  28  47  15  53  32  50  35  33  57  35  55  35  576  1268  140  140  140  126  140  140  140  140  140  140  126  140  140  140  140  140  126  140  140  140  140  140  140  126  140  140  140  140  140  140  126  140  140  140  140  140  126  140  140  140  140  140  140  126  140  140  140  140  140  126  140  140  140  140  140  140  126  140  140  140  140  140  140  126  140  140  140  140  140  126  140  140  140  140  140  140  126  140  140  140  140  140  137  129  140  314  215  65  43  49  0  
9  63  217  50  50  37  38  28  42  30  55  30  45  55  50  53  12  50  45  47  58  10  48  47  30  53  42  47  28  30  48  32  50  50  35  53  37  53  47  50  40  844  1177  140  140  140  140  126  140  140  140  140  140  140  126  140  140  140  140  140  126  140  140  140  140  140  140  126  140  140  140  140  140  126  140  140  140  140  140  126  140  140  140  140  140  126  140  140  140  140  140  140  126  140  140  140  140  140  126  140  140  140  140  140  140  126  140  140  140  140  140  312  202  66  40  78  0  
12  60  221  50  50  32  38  47  53  30  55  35  45  50  40  53  27  43  52  47  43  20  48  42  47  51  37  45  35  45  55  35  38  37  30  53  27  53  42  38  52  45  43  42  50  55  35  60  50  55  48  32  52  43  45  50  40  50  50  50  58  27  45  50  40  135  1463  355  140  140  140  140  126  140  140  140  140  140  140  126  140  140  140  140  140  126  140  140  140  140  140  140  126  140  140  140  140  140  140  126  140  140  140  140  140  126  140  140  140  140  140  321  127  126  35  63  0  
9  91  222  50  50  35  45  28  52  35  48  32  37  43  30  53  37  50  35  33  52  30  50  40  45  53  42  45  45  40  48  42  38  42  45  53  37  53  42  45  45  30  47  33  35  55  25  50  45  45  48  52  38  42  45  50  40  50  45  35  58  42  45  50  45  43  47  45  55  50  55  45  45  55  45  345  1467  159  140  140  140  140  126  140  140  140  140  140  126  140  140  140  140  140  140  126  140  140  140  140  140  140  126  140  140  140  140  140  126  140  140  326  198  45  72  101  0  
12  0  207  50  50  42  43  42  38  35  48  32  45  55  30  53  27  38  42  28  57  25  57  43  30  55  30  52  48  45  43  37  42  38  40  58  27  48  47  45  45  45  43  42  50  55  35  47  48  35  48  47  47  48  40  55  45  55  50  50  58  37  45  50  45  43  52  40  48  47  45  50  55  52  48  50  60  50  50  50  55  79  1259  578  140  140  140  140  140  126  140  140  140  140  140  140  126  140  140  140  140  140  126  140  140  140  140  140  140  126  140  353  12144  15046  15699  13109  423  
20  0  186  50  50  32  38  47  53  20  48  27  40  45  30  53  32  50  35  45  55  30  43  37  42  46  37  38  47  18  52  35  50  45  23  60  37  60  40  33  42  45  55  45  30  55  35  45  50  45  55  35  50  45  35  55  40  52  43  50  53  42  45  50  40  60  50  45  55  45  52  48  55  48  47  50  60  50  50  50  55  53  52  60  45  55  50  55  55  50  60  50  60  55  50  60  55  55  55  50  188  1407  522  140  140  140  140  257  140  126  140  300  210  55  52  70  8  
12  247  83  50  50  28  42  35  45  15  48  22  47  48  25  60  25  38  37  45  55  796  1042  140  140  140  137  129  140  140  140  140  140  126  140  140  140  140  140  140  126  140  140  140  140  140  140  126  140  140  140  140  140  126  140  140  140  140  140  140  126  140  140  140  140  140  140  126  140  140  140  140  140  126  140  140  140  140  140  140  126  140  140  140  140  140  140  126  140  140  140  140  140  126  140  140  140  140  140  140  126  140  140  140  140  140  140  126  140  140  140  321  193  55  41  61  8  
9  25  191  50  50  42  33  550  1252  159  140  140  140  126  140  140  140  140  140  140  126  140  140  140  140  140  126  140  140  140  140  140  140  126  140  140  140  140  140  140  126  140  140  140  140  140  126  140  140  140  140  140  140  126  140  140  140  140  140  126  140  140  140  140  140  140  126  140  140  140  140  140  140  126  140  140  140  140  140  126  140  140  140  140  140  140  126  140  140  140  140  140  140  126  140  140  140  140  140  140  126  140  140  140  140  140  126  140  140  140  140  321  132  2075  140  140  0  
9  39  191  50  50  33  42  28  52  30  48  32  487  1348  126  140  140  140  140  140  126  140  140  140  140  140  140  126  140  140  140  140  140  140  126  140  140  140  140  140  140  126  140  140  140  140  140  126  140  140  140  140  140  140  126  140  140  140  140  140  126  140  140  140  140  140  140  126  140  140  140  140  140  140  126  140  140  140  140  140  126  140  140  140  140  140  140  126  140  140  140  140  140  140  126  140  140  140  140  140  126  140  140  140  140  140  140  126  140  140  140  326  203  45  2007  126  14  
12  211  54  50  50  40  45  37  48  20  55  40  52  38  40  53  27  47  23  45  55  30  48  42  35  53  27  55  40  680  1346  126  140  140  140  140  140  133  133  140  140  140  140  140  126  140  140  140  140  140  126  140  140  140  140  140  126  140  140  140  140  140  140  126  140  140  140  140  140  126  140  140  140  140  140  140  126  140  140  140  140  140  126  140  140  140  140  140  140  126  140  140  140  140  140  126  140  140  140  140  140  140  126  140  140  140  140  140  126  140  140  366  11391  14997  15553  14058  423  
44  140  243  83  50  47  43  42  43  40  48  32  45  45  30  53  42  45  30  45  45  25  48  32  32  46  22  52  48  35  43  47  47  43  35  53  32  53  27  40  45  25  43  47  50  55  1291  575  140  140  140  140  126  140  140  140  140  140  140  126  140  140  140  140  140  140  126  140  140  140  140  140  126  140  140  140  140  140  140  126  140  140  140  140  140  140  126  140  140  140  140  140  126  140  140  140  140  140  140  126  140  140  140  140  140  126  140  140  140  140  140  335  68  205  37  40  8  
44  140  116  186  50  33  42  28  42  10  55  25  52  48  45  53  32  47  33  55  55  15  52  18  35  53  32  45  40  35  43  42  38  37  45  58  32  53  32  47  48  40  38  37  40  55  35  47  43  50  60  35  45  45  50  55  45  182  1434  332  140  140  140  140  140  140  126  140  140  140  140  140  126  140  140  140  140  140  140  126  140  140  140  140  140  126  140  140  140  140  140  140  126  140  140  140  140  140  140  126  140  140  140  140  140  137  129  140  140  140  140  326  141  117  52  56  0  
9  35  126  186  50  42  43  32  43  30  48  37  40  40  20  53  32  50  40  45  55  10  50  35  40  48  37  47  43  30  48  42  45  40  35  53  37  53  37  47  48  40  38  42  45  55  40  45  50  35  60  45  47  48  45  50  40  60  45  45  53  52  45  50  50  50  50  50  57  38  164  1394  385  126  140  140  140  140  140  140  126  140  140  140  140  140  140  126  140  140  140  140  140  126  140  140  140  140  140  140  126  140  140  140  140  140  140  126  140  140  140  326  193  65  33  55  12  
9  3  177  51  50  40  45  35  45  35  48  22  33  52  30  53  22  38  47  37  48  35  43  27  40  53  27  38  42  30  43  47  55  45  45  53  32  53  32  38  47  35  50  45  45  50  30  50  45  55  48  42  52  48  40  55  50  38  52  45  53  52  50  50  45  55  42  43  55  45  50  50  45  55  50  55  55  45  55  50  60  53  47  50  45  50  50  55  60  50  188  1370  530  140  140  140  140  140  140  126  140  140  140  140  140  140  126  140  140  140  140  338  9238  14973  15569  16159  60  
9  6  185  50  50  33  47  28  47  25  48  27  28  47  20  79  1300  523  140  140  137  129  140  140  140  140  140  126  140  140  140  140  140  140  126  140  140  140  140  140  126  140  140  140  140  140  140  126  140  140  140  140  140  140  126  140  140  140  140  140  129  137  140  140  140  140  140  126  140  140  140  140  140  140  126  140  140  140  140  140  129  137  140  140  140  140  140  126  140  140  140  140  140  126  140  140  140  140  140  140  126  140  140  140  140  140  126  140  140  140  140  335  71  212  11  66  0  
9  6  185  50  45  307  1234  369  126  140  140  140  140  140  137  129  140  140  140  140  140  126  140  140  140  140  140  140  126  140  140  140  140  140  140  126  140  140  140  140  140  126  140  140  140  140  140  140  126  140  140  140  140  140  140  126  140  140  140  140  140  140  126  140  140  140  140  140  126  140  140  140  140  140  140  126  140  140  140  140  140  126  140  140  140  140  140  140  126  140  140  140  140  140  140  126  140  140  140  140  140  126  140  140  140  140  140  140  126  140  140  366  8735  15093  15564  16531  55  
30  130  196  45  50  33  42  28  47  20  123  1338  464  140  140  140  133  133  140  140  140  140  140  126  140  140  140  140  140  140  126  140  140  140  140  140  126  140  140  140  140  140  140  126  140  140  140  140  140  137  129  140  140  140  140  140  126  140  140  140  140  140  140  126  140  140  140  140  140  126  140  140  140  140  140  140  126  140  140  140  140  140  126  140  140  140  140  140  140  126  140  140  140  140  140  140  126  140  140  140  140  140  126  140  140  140  140  140  140  126  140  335  140  113  40  51  0  
12  261  51  50  50  32  48  40  55  30  48  32  45  50  15  53  37  43  42  50  55  40  138  1416  539  140  140  140  140  140  140  126  140  140  140  140  140  140  126  140  140  140  140  140  126  140  140  140  140  140  126  140  140  140  140  140  140  126  140  140  140  140  140  140  126  140  140  140  140  140  126  140  140  140  140  140  129  137  140  140  140  140  140  126  140  140  140  140  140  140  126  140  140  140  140  140  126  140  140  140  140  140  126  140  140  140  140  140  140  126  140  321  198  50  18  59  0  
12  275  51  50  50  32  38  37  38  25  43  27  45  45  15  53  37  47  48  45  50  25  43  42  35  48  37  55  45  40  43  47  57  33  50  53  32  60  35  307  1372  273  140  140  140  140  126  140  140  140  140  140  136  130  140  140  140  140  140  126  140  140  140  140  140  140  126  140  140  140  140  140  126  140  140  140  140  140  140  126  140  140  140  140  140  140  126  140  140  140  140  140  126  140  140  140  140  140  140  126  140  140  140  140  140  140  126  140  140  140  140  359  5336  14925  15565  15398  864  
9  25  191  50  50  32  43  37  48  20  55  20  45  40  30  60  30  50  35  50  50  20  55  40  45  48  32  50  35  35  43  32  52  38  55  53  27  53  37  33  47  30  166  1397  385  126  140  140  140  140  140  140  126  140  140  140  140  140  126  140  140  140  140  140  140  126  140  140  140  140  140  140  126  140  140  140  140  140  126  140  140  140  140  140  140  126  140  140  140  140  140  140  126  140  140  140  140  140  126  140  140  140  140  140  140  126  140  140  140  140  140  300  210  30  519  1522  14  
9  161  74  50  50  45  45  40  55  30  48  22  50  45  35  53  32  38  37  33  47  20  48  42  40  48  47  38  42  45  60  35  55  45  30  58  27  53  37  47  48  45  45  45  35  55  30  50  50  45  53  37  43  52  55  55  45  50  50  45  58  37  337  1345  270  140  140  140  126  140  140  140  140  140  126  140  140  140  140  140  140  126  140  140  140  140  140  140  126  140  140  140  140  140  126  140  140  140  140  140  140  126  140  140  140  140  140  126  140  140  140  317  94  189  38  39  0  
20  161  50  50  50  28  37  35  50  25  57  38  28  57  15  53  42  43  37  45  60  25  52  33  37  51  47  50  35  25  43  27  38  37  47  56  42  53  32  38  42  45  55  50  45  55  35  50  50  40  55  45  55  45  50  50  50  43  52  40  53  47  50  50  55  50  45  50  48  47  45  50  50  48  47  60  55  40  55  50  571  1327  241  140  140  140  140  140  126  140  140  140  257  140  140  140  126  140  140  140  140  140  140  126  140  140  140  140  140  126  140  307  1480  900  140  140  0  
9  0  201  50  50  33  42  28  47  30  55  35  45  50  20  58  27  200  1260  455  126  140  140  140  140  140  129  137  140  140  140  140  140  126  140  140  140  140  140  140  126  140  140  140  140  140  126  140  140  140  140  140  140  126  140  140  140  140  140  140  126  140  140  140  140  140  126  140  140  140  140  140  140  126  140  140  140  140  140  126  140  140  140  140  140  140  126  140  140  140  140  140  140  126  140  140  140  140  140  140  126  140  140  140  140  140  126  140  140  140  140  314  200  45  17  45  0  
9  3  203  50  45  40  50  37  43  785  1039  140  140  140  140  140  126  140  140  140  140  140  140  126  140  140  140  140  140  126  140  140  140  140  140  140  126  140  140  140  140  140  140  126  140  140  140  140  140  126  140  140  140  140  140  140  126  140  140  140  140  140  126  140  140  140  140  140  140  126  140  140  140  140  140  140  126  140  140  140  140  140  126  140  140  140  140  140  140  126  140  140  140  140  140  126  140  140  140  140  140  140  126  140  140  140  140  140  140  126  140  314  120  145  32  24  2  
12  88  199  50  50  50  35  35  55  25  48  32  37  53  30  53  42  45  40  40  55  30  55  45  35  100  1296  506  140  140  140  140  140  126  140  140  140  140  140  140  126  140  140  140  140  140  140  126  140  140  140  140  140  126  140  140  140  140  140  140  126  140  140  140  140  140  140  126  140  140  140  140  140  140  126  140  140  140  140  140  126  140  140  140  140  140  140  126  140  140  140  140  140  126  140  140  140  140  140  140  126  140  140  140  140  140  126  140  140  140  140  338  10631  14985  15569  14814  423  
43  112  66  50  50  28  37  42  53  45  48  27  52  48  35  53  32  47  48  28  52  25  43  42  45  53  32  45  40  32  41  42  290  1293  514  140  126  140  140  140  140  140  140  126  140  140  140  140  140  133  133  140  140  140  140  140  126  140  140  140  140  140  126  140  140  140  140  140  140  126  140  140  140  140  140  126  140  140  140  140  140  140  126  140  140  140  140  140  140  126  140  140  140  140  140  126  140  140  140  140  140  126  140  140  140  140  140  140  126  140  140  331  75  193  67  44  0  
9  6  185  50  50  32  33  28  52  30  55  35  40  45  25  53  27  38  47  45  55  25  43  37  23  55  27  45  40  40  43  37  50  45  35  58  37  53  37  47  38  35  50  40  545  1285  126  140  140  140  140  140  140  126  140  140  140  140  140  126  140  140  140  140  140  140  126  140  140  140  140  140  140  126  140  140  140  140  140  126  140  140  140  140  140  140  126  140  140  140  140  140  140  126  140  140  140  140  140  126  140  140  140  140  140  140  126  140  140  140  140  312  74  198  22  54  0  
9  25  186  50  50  28  47  42  53  20  48  37  37  53  20  53  17  38  42  42  48  20  52  33  40  48  27  38  37  55  43  37  38  47  35  58  32  48  42  33  47  40  38  52  40  55  40  38  47  45  53  52  50  45  35  50  45  45  50  563  1262  140  140  126  140  140  140  140  140  140  126  140  140  140  140  140  126  140  140  140  140  140  140  126  140  140  140  140  140  126  140  140  140  140  140  140  126  140  140  140  140  140  126  140  140  140  140  140  140  126  140  321  112  136  67  48  15  
9  165  61  50  50  28  47  45  50  35  48  32  37  58  35  53  47  38  32  40  55  35  48  42  45  55  45  55  40  40  43  32  33  47  40  53  42  48  37  50  45  50  50  45  45  55  35  40  50  40  55  45  50  50  50  55  35  45  50  40  53  37  45  50  60  55  50  45  60  45  60  50  45  55  45  45  55  50  55  50  55  53  42  290  1265  369  140  140  140  140  126  140  140  140  140  140  140  126  140  140  140  140  140  140  126  140  140  140  140  140  126  321  198  55  67  31  0  
20  155  51  50  50  32  48  37  43  20  48  42  52  38  20  53  27  43  42  33  47  20  52  23  35  48  42  50  50  35  50  40  38  42  45  58  27  53  27  45  50  45  47  43  50  55  35  47  43  40  48  37  52  48  40  55  50  43  47  45  58  42  55  50  40  43  42  50  48  47  50  50  50  48  47  50  55  50  50  50  50  58  47  55  50  482  1187  432  140  126  140  140  140  140  137  129  140  140  140  140  140  126  140  140  140  140  140  126  140  140  140  338  3203  15032  15382  15519  867  
9  3  193  50  50  28  42  28  57  50  48  42  45  45  25  53  27  52  38  45  55  35  43  37  35  53  27  47  28  50  57  33  47  38  37  51  727  1080  140  140  140  140  140  126  140  140  140  140  140  140  126  140  140  140  140  140  126  140  140  140  140  140  140  126  140  140  140  140  140  140  126  140  140  140  140  140  126  140  140  140  140  140  140  126  140  140  140  140  140  140  126  140  140  140  140  140  126  140  140  140  140  140  140  126  140  140  140  140  140  140  126  340  140  103  46  35  2  
9  191  50  50  50  28  42  47  53  25  48  32  52  48  665  1145  140  140  140  140  126  140  140  140  140  140  140  126  140  140  140  140  140  126  140  140  140  140  140  140  126  140  140  140  140  140  137  129  140  140  140  140  140  126  140  140  140  140  140  137  129  140  140  140  140  140  126  140  140  140  140  140  140  126  140  140  140  140  140  126  140  140  140  140  140  140  126  140  140  140  140  140  126  140  140  140  140  140  140  126  140  140  140  140  140  140  126  140  140  140  140  338  11653  15055  15611  13680  423  
9  238  50  50  50  35  40  28  47  25  57  33  40  45  20  53  37  47  33  50  50  22  46  32  55  48  42  47  28  55  130  1278  498  126  140  140  140  140  140  126  140  140  140  140  140  140  126  140  140  140  140  140  140  126  140  140  140  140  140  126  140  140  140  140  140  140  126  140  140  140  140  140  140  126  140  140  140  140  140  126  140  140  140  140  140  140  126  140  140  140  140  140  126  140  140  140  140  140  140  126  140  140  140  140  140  140  126  140  140  140  140  307  198  60  97  76  12  
20  176  50  50  50  40  50  30  55  35  48  37  35  50  25  53  37  47  38  45  55  25  50  40  37  51  32  38  37  55  48  37  38  42  30  53  27  53  32  45  50  35  47  48  50  50  35  33  52  50  103  1288  665  140  140  140  140  126  140  140  140  140  140  126  140  140  140  140  140  140  126  140  140  140  140  140  126  140  140  140  140  140  126  140  140  140  140  140  140  126  140  140  140  140  140  126  140  140  140  140  140  126  140  140  140  140  140  140  126  140  140  312  65  208  32  70  0  
133  83  50  50  50  32  28  37  43  20  48  47  42  43  25  53  32  38  42  40  60  15  48  42  40  53  37  45  45  25  48  32  47  48  40  53  22  53  32  40  50  35  47  43  40  55  30  42  43  45  48  37  38  52  571  1250  130  140  140  140  140  140  126  140  140  140  140  140  126  140  140  140  140  140  140  126  140  140  140  140  140  140  126  140  140  140  140  140  140  126  140  140  140  140  140  126  140  140  140  140  140  140  126  140  140  140  140  140  126  140  140  352  3656  14995  15489  15538  865  
20  176  50  50  50  37  38  23  52  45  48  27  28  52  20  53  22  45  30  33  52  30  43  37  45  55  45  45  35  45  48  42  33  47  35  58  32  53  42  50  40  40  52  43  55  55  45  52  48  50  48  52  38  52  50  55  45  52  48  45  53  47  50  50  50  52  48  50  120  1213  564  140  140  126  140  140  140  140  140  126  140  140  140  140  140  140  126  140  140  140  140  140  140  126  140  140  140  140  140  140  126  140  140  140  140  140  126  140  140  140  140  300  72  198  42  56  0  
160  61  50  45  50  37  38  35  55  30  48  37  33  52  15  53  27  43  47  45  55  30  52  43  40  48  27  38  32  42  53  45  45  50  50  53  42  53  42  45  50  35  38  47  45  55  45  42  48  45  53  37  52  43  40  55  40  50  45  45  58  52  50  50  40  48  52  50  48  47  55  50  55  57  43  45  55  40  55  50  55  53  52  45  50  50  50  558  1219  169  140  126  140  140  140  140  140  140  126  140  140  140  140  140  126  140  140  140  140  140  140  307  149  114  27  51  0  
33  61  50  45  50  47  38  42  53  25  48  37  45  45  25  53  32  47  33  33  52  30  48  42  40  60  35  38  47  45  50  45  50  45  45  53  27  60  30  55  40  35  52  48  40  55  35  50  45  45  53  37  50  50  40  55  50  47  48  50  58  37  40  50  50  55  50  50  48  52  55  50  50  48  52  60  55  50  45  50  55  53  42  55  50  60  45  60  55  45  55  50  55  53  52  60  55  564  1194  203  140  140  140  126  140  140  140  140  140  126  140  423  198  30  46  1961  0  
