P 21   -8606.62    0.5
P 22   -8483.92    0.5
P 12   -8073.58    0.5
P 54   -7916.63    0.5
P 11   -7725.48    0.5
P 18   -7568.68    0.5
P 23   -7418.86    0.5
P 7   -7192.52    0.5
P 39   -7075.2    0.5
P 32   -6966.43    0.5
P 27   -6746.12    0.5
P 61   -6742.46    0.5
P 30   -6552.24    0.5
P 20   -6506.66    0.5
P 53   -6279.3    0.5
P 47   -6199.85    0.5
P 37   -6150.03    0.5
P 52   -6061.47    0.5
P 56   -6056.45    0.5
P 15   -5986.78    0.5
P 42   -5927.38    0.5
P 4   -5874.84    0.5
P 31   -5854.77    0.5
P 2   -5845.34    0.5
P 44   -5833.91    0.5
P 50   -5763.82    0.5
P 28   -5688.2    0.5
P 19   -5573.48    0.5
P 57   -5401.3    0.5
P 25   -5380.39    0.5
P 46   -5361.08    0.5
P 58   -5304.32    0.5
P 34   -5208.45    0.5
P 33   -5025.91    0.5
P 40   -4908.58    0.5
P 60   -4836.91    0.5
P 62   -4738.44    0.5
P 55   -4530.58    0.5
P 45   -4493.03    0.5
P 36   -4373.38    0.5
P 1   -4357.38    0.5
P 5   -4152.27    0.5
P 59   -4113.7    0.5
P 14   -4083.74    0.5
P 0   -3709.89    0.5
P 10   -3643.05    0.5
P 6   -3640.24    0.5
P 63   -3481.94    0.5
P 51   -3407.27    0.5
P 26   15450.7    0.5
P 24   23133.2    0.5
P 29   26043    0.5
P 49   28032.2    0.5
P 13   29688.7    0.5
P 38   33397.4    0.5
P 9   35361.1    0.5
P 8   36847.9    0.5
P 16   37116.6    0.5
P 17   37413.7    0.5
P 3   38068.3    0.5
P 41   38374.4    0.5
P 43   38738.8    0.5
P 35   38784.2    0.5
P 48   38808.3    0.5
