0   84.2609
1   72.9565
2   99.8261
3   2085.96
4   100.826
5   94.8696
6   86.6957
7   85.3913
8   1416.87
9   944.043
10   86.0435
11   85.087
12   82.4348
13   357.391
14   77.5217
15   61.2609
16   2087.17
17   2240.09
18   114.304
19   94.2609
20   101.174
21   118
22   110.348
23   98.8696
24   275.739
25   108
26   194.435
27   104.652
28   109.565
29   1071.74
30   93.1739
31   85
32   107.913
33   102.391
34   101.913
35   6540.43
36   96.9565
37   106.261
38   3618.57
39   91.2174
40   98.1739
41   6792.35
42   95.4783
43   6613.26
44   105.174
45   86.1739
46   81.0435
47   79.4783
48   6344.48
49   1912.57
50   96.8261
51   84.8261
52   83.1304
53   85.3478
54   78
55   78.9565
56   91.5652
57   87.7826
58   79.3043
59   75.913
60   79.6522
61   80.7391
62   77.2609
63   63.3913
