40  2  811  298  105  50  50  50  50  28  30  15  20  74  18  32  58  38  39  25  43  30  32  
40  0  70  697  11  22  13  167  226  37  23  17  20  33  40  22  43  45  37  25  35  28  27  
42  393  857  228  100  50  50  50  50  35  50  12  28  28  32  32  58  38  14  65  30  18  36  
25  384  478  223  601  11  22  93  287  1168  252  1296  662  2157  1344  348  916  3470  6948  6812  7040  6720  6720  
36  171  778  314  22  11  60  341  50  23  25  57  23  69  63  27  28  55  28  42  37  18  41  
36  89  313  686  57  0  14  284  110  32  16  64  35  30  43  32  48  38  30  104  38  30  53  
36  3  276  686  11  11  35  161  227  35  32  26  42  22  48  33  32  45  67  50  45  38  33  
25  0  452  300  524  51  50  50  45  28  44  30  33  30  60  27  38  38  0  49  38  30  22  
36  595  420  223  105  50  50  50  50  37  25  11  42  23  32  2052  1074  1187  3798  2888  6720  6623  6497  
40  0  70  686  11  0  46  207  186  32  28  37  38  37  33  32  43  754  1995  1524  4365  4509  7040  
40  2  886  223  110  50  50  50  50  50  37  15  30  45  48  36  44  45  26  34  35  40  33  
25  469  393  226  102  50  50  50  50  28  25  59  40  53  35  22  58  42  29  46  48  30  27  
25  598  264  226  92  50  50  50  50  32  29  46  33  37  55  25  43  38  33  19  40  25  36  
25  410  424  251  115  50  50  50  50  40  42  16  34  48  50  32  58  50  23  20  2053  1799  2530  
25  0  730  44  39  34  328  50  50  45  40  27  18  40  40  8  52  38  34  30  35  38  38  
7  52  297  279  171  50  50  50  50  32  9  2  32  42  43  27  28  43  33  24  27  33  28  
36  171  369  784  297  22  22  355  178  1197  990  577  1319  1352  3714  231  722  3029  6400  6720  6720  6400  6400  
36  130  410  711  299  22  50  347  50  40  26  21  1591  1294  1356  3826  1100  3413  7606  7434  7360  7040  7360  
36  130  369  711  288  22  22  311  222  27  19  76  20  35  40  20  43  38  25  27  70  35  43  
40  0  331  680  207  33  27  61  308  37  35  18  25  27  25  31  47  47  35  40  40  38  36  
40  0  249  758  323  11  60  46  323  28  33  24  30  42  58  32  53  47  25  40  40  28  37  
36  253  369  752  288  11  11  110  313  42  60  55  40  28  70  30  40  38  34  30  38  35  31  
36  212  410  679  320  22  35  47  331  40  28  17  35  27  43  27  43  52  11  22  45  35  21  
36  0  294  639  289  22  273  154  50  32  30  50  18  42  40  39  49  52  26  9  63  40  27  
40  0  331  785  143  46  205  315  50  27  35  25  45  90  43  27  28  43  44  30  88  2137  1765  
36  89  410  805  112  22  11  67  340  42  21  37  35  52  63  42  43  38  44  43  67  33  32  
36  6  411  629  299  11  35  345  180  42  48  12  33  23  37  8  37  47  30  33  77  33  2060  
36  6  370  825  125  0  24  249  266  40  57  48  32  30  80  11  37  38  23  9  35  30  36  
40  85  410  677  262  0  22  73  328  32  21  39  25  40  90  20  53  38  64  83  52  38  28  
40  2  411  784  114  11  11  185  338  32  26  47  32  45  53  17  53  47  6  2002  1284  4973  14137  
40  0  331  680  196  22  22  137  264  28  15  54  28  25  45  27  38  43  29  25  43  15  36  
25  0  44  655  53  22  508  50  50  42  19  46  26  64  31  50  62  38  37  35  52  23  23  
36  212  735  357  22  38  170  331  50  28  34  55  11  49  40  30  58  47  35  30  48  30  36  
36  171  541  510  46  14  46  323  50  37  33  27  38  55  30  42  53  50  62  48  75  25  43  
36  130  720  320  33  38  0  486  50  30  13  57  30  23  42  27  48  52  70  23  55  20  41  
36  48  581  311  0  164  356  50  50  35  16  1713  626  4173  1444  243  911  15310  25000  25000  25000  25000  24363  
36  48  410  753  44  27  12  135  227  35  52  43  18  37  25  22  43  47  9  86  53  30  38  
36  335  369  753  22  11  11  56  340  37  30  14  29  32  40  30  58  47  55  38  37  38  26  
40  44  436  655  42  33  27  64  310  27  15  9  22  44  63  71  1138  997  2565  4399  22863  25000  24363  
36  48  462  395  22  27  141  355  50  42  58  40  23  42  72  28  40  45  23  19  63  35  32  
36  212  702  308  22  11  27  353  51  23  38  41  28  27  40  30  43  47  40  28  75  35  41  
36  48  589  369  33  24  211  309  50  42  16  13  17  1977  1235  4884  1335  20673  25000  25000  25000  25000  24363  
36  130  670  321  24  26  352  50  50  40  31  19  42  28  67  26  47  38  69  43  40  30  17  
36  3  750  122  11  73  192  156  50  23  1297  1268  2122  2133  1372  320  1130  16684  25000  25000  25000  25000  24363  
36  294  842  67  50  34  429  46  50  42  40  43  37  35  23  28  62  50  52  33  50  30  46  
36  89  762  136  22  13  26  347  50  37  45  45  11  39  18  32  53  38  57  18  49  28  31  
39  1  111  686  71  353  51  50  50  40  21  21  18  40  45  8  52  38  25  32  50  27  35  
25  0  730  83  21  251  110  50  45  45  45  45  37  33  35  60  60  38  25  19  23  35  13  
36  89  639  229  24  26  135  227  50  35  30  47  33  31  2021  1237  4752  11919  25000  25000  25000  25000  24363  
36  89  824  22  33  31  123  247  50  32  35  20  33  25  92  34  39  38  949  1895  5176  9803  24363  
36  291  742  99  223  193  50  50  50  30  21  46  30  10  20  23  50  50  18  52  45  45  53  
25  0  862  226  97  50  50  50  50  37  40  45  35  45  43  27  43  38  58  36  45  23  26  
40  0  193  686  44  27  153  231  50  40  11  7  30  74  60  30  48  55  18  42  25  40  8  
36  0  525  369  11  11  11  333  200  28  37  42  11  79  14  25  44  50  18  19  38  30  32  
36  0  156  490  207  33  27  79  295  28  32  27  26  52  47  30  53  38  30  32  27  23  26  
25  0  490  273  38  12  347  50  50  35  36  11  25  38  45  23  62  52  21  72  42  43  26  
36  6  314  686  11  11  35  252  268  28  20  44  33  72  30  20  43  50  16  26  58  30  17  
39  45  670  299  22  24  161  232  50  42  19  39  30  17  35  20  63  38  34  38  45  25  32  
40  0  152  615  71  44  26  285  110  37  34  51  11  27  26  40  44  45  21  16  40  43  46  
25  0  638  163  12  34  323  45  50  28  13  2  42  18  62  22  53  38  49  23  50  25  31  
25  0  752  61  135  237  50  50  50  37  26  17  35  35  50  27  43  47  31  29  38  30  27  
25  0  442  321  24  249  154  50  50  27  40  63  32  45  16  44  58  38  25  37  55  35  27  
25  0  675  112  26  117  245  50  50  32  29  31  30  35  38  37  38  38  25  42  37  38  27  
28  0  360  106  0  305  48  50  50  28  18  26  35  30  53  22  38  38  54  50  48  30  41  
