P   15   61.2609    0.5
P   63   63.3913    0.5
P   1   72.9565    0.5
P   59   75.913    0.5
P   62   77.2609    0.5
P   14   77.5217    0.5
P   54   78    0.5
P   55   78.9565    0.5
P   58   79.3043    0.5
P   47   79.4783    0.5
P   60   79.6522    0.5
P   61   80.7391    0.5
P   46   81.0435    0.5
P   12   82.4348    0.5
P   52   83.1304    0.5
P   0   84.2609    0.5
P   51   84.8261    0.5
P   31   85    0.5
P   11   85.087    0.5
P   53   85.3478    0.5
P   7   85.3913    0.5
P   10   86.0435    0.5
P   45   86.1739    0.5
P   6   86.6957    0.5
P   57   87.7826    0.5
P   39   91.2174    0.5
P   56   91.5652    0.5
P   30   93.1739    0.5
P   19   94.2609    0.5
P   5   94.8696    0.5
P   42   95.4783    0.5
P   50   96.8261    0.5
P   36   96.9565    0.5
P   40   98.1739    0.5
P   23   98.8696    0.5
P   2   99.8261    0.5
P   4   100.826    0.5
P   20   101.174    0.5
P   34   101.913    0.5
P   33   102.391    0.5
P   27   104.652    0.5
P   44   105.174    0.5
P   37   106.261    0.5
P   32   107.913    0.5
P   25   108    0.5
P   28   109.565    0.5
P   22   110.348    0.5
P   18   114.304    0.5
P   21   118    0.5
P   26   194.435    0.5
P   24   275.739    0.5
P   13   357.391    0.5
P   9   944.043    0.5
P   29   1071.74    0.5
P   8   1416.87    0.5
P   49   1912.57    0.5
P   3   2085.96    0.5
P   16   2087.17    0.5
P   17   2240.09    0.5
P   38   3618.57    0.5
P   48   6344.48    0.5
P   35   6540.43    0.5
P   43   6613.26    0.5
P   41   6792.35    0.5
