0   -3709.89
1   -4357.38
2   -5845.34
3   38068.3
4   -5874.84
5   -4152.27
6   -3640.24
7   -7192.52
8   36847.9
9   35361.1
10   -3643.05
11   -7725.48
12   -8073.58
13   29688.7
14   -4083.74
15   -5986.78
16   37116.6
17   37413.7
18   -7568.68
19   -5573.48
20   -6506.66
21   -8606.62
22   -8483.92
23   -7418.86
24   23133.2
25   -5380.39
26   15450.7
27   -6746.12
28   -5688.2
29   26043
30   -6552.24
31   -5854.77
32   -6966.43
33   -5025.91
34   -5208.45
35   38784.2
36   -4373.38
37   -6150.03
38   33397.4
39   -7075.2
40   -4908.58
41   38374.4
42   -5927.38
43   38738.8
44   -5833.91
45   -4493.03
46   -5361.08
47   -6199.85
48   38808.3
49   28032.2
50   -5763.82
51   -3407.27
52   -6061.47
53   -6279.3
54   -7916.63
55   -4530.58
56   -6056.45
57   -5401.3
58   -5304.32
59   -4113.7
60   -4836.91
61   -6742.46
62   -4738.44
63   -3481.94
