9  206  1542  2123  1698  1469  1911  2824  1567  1467  2081  1931  1208  106  
9  213  1942  3928  3750  1779  1428  1798  1961  1911  2136  2085  1565  314  
9  182  1697  2564  2704  2346  2088  2390  1705  2228  1934  2181  2185  139  
43  223  2539  3004  1809  1331  1543  2262  2191  1713  2158  2260  1879  47  
12  0  304  2487  2276  2556  3096  2103  2650  2371  2257  2214  2222  201  
9  6  265  1627  2406  1626  1822  2365  2732  2487  2522  2082  1879  63  
9  6  277  1859  2271  2355  2735  1999  1808  1900  2264  2406  2057  47  
43  235  1386  1494  1280  1449  1673  2040  2362  1813  1780  2833  2813  38  
9  261  1273  1541  1663  1848  1777  1643  1460  1752  2142  1730  1592  216  
9  275  1665  1544  1496  1262  1124  1646  1733  1873  1167  1818  1929  68  
9  65  572  2526  2427  2511  2722  1993  1982  1831  2073  2289  2599  100  
43  259  2128  1559  1673  1759  1527  2625  1615  1673  1654  2514  1939  61  
20  23  301  2939  2767  2369  2268  2213  2431  2043  1947  1777  2209  177  
20  23  480  2085  1670  1737  1900  1300  1463  1742  1917  1733  1794  38  
43  137  1713  2857  2465  2422  1765  1610  1724  2013  1905  1981  1934  47  
73  0  707  1658  1625  1444  1796  1616  1733  1238  1735  1244  1557  130  
12  81  514  1793  1353  1765  1709  1448  1817  1565  1157  1941  1475  38  
12  95  342  1585  1347  1385  1585  1693  2791  2441  1670  1638  2071  61  
9  88  267  1708  2470  2216  2153  1905  2088  2568  2205  2532  2487  10  
9  147  970  2133  1749  1980  1914  2871  2785  2062  2841  1884  3185  74  
9  0  185  755  2239  2798  2352  2213  2409  2125  1879  2602  2231  23  
9  0  185  995  1945  1813  1635  1224  1608  2056  1327  2265  1457  259  
9  35  316  2304  2973  1994  1742  2589  2047  2035  2559  2225  1998  0  
12  90  626  1633  1491  1622  1554  1879  1830  2051  2175  1896  2066  139  
12  32  246  953  1467  1921  1966  2053  1369  1561  2164  1490  1631  87  
9  133  344  1330  1363  1435  1441  1432  1911  1376  1591  1747  1636  61  
12  46  328  1797  2119  2153  1779  1853  2371  1667  2051  2165  2848  166  
9  6  317  1545  1724  1523  1822  2385  1384  1594  1751  1491  1887  258  
9  25  1054  2358  1961  2163  1985  2106  1991  2003  2376  1607  4279  317  
9  0  427  2363  1859  1999  1654  1586  1657  1546  1636  1710  1868  100  
44  230  597  2648  2283  2412  1708  1654  1915  1960  1558  2237  1958  47  
20  186  953  1751  1734  1507  1983  1743  1663  1586  1863  1523  2415  68  
12  3  145  426  1968  2133  1966  1779  1581  1711  2406  2281  1452  76  
12  32  130  445  1485  1371  1626  1659  1622  1449  1476  1770  1860  145  
9  63  130  402  1734  1942  1727  1923  1440  1825  1873  1739  1848  25  
9  35  214  838  1456  1961  1673  1905  1555  1972  1456  1526  1391  125  
9  0  109  326  2075  1937  2099  2045  2242  2043  1732  1773  2351  37  
9  49  227  704  1494  1812  1654  2198  1473  1404  2208  1404  1905  201  
9  35  102  324  2138  1938  2488  2389  1607  2284  1989  2193  1736  207  
9  21  230  822  1773  1639  2119  2007  1558  1774  1717  1468  1673  38  
12  0  106  487  1793  1822  2196  1849  1690  1639  2187  1527  2710  162  
12  15  119  503  1467  1596  1846  1657  2511  1261  1619  1747  1650  172  
12  3  167  724  1386  1649  1654  1939  1440  1537  1798  1733  2196  357  
9  49  206  832  1331  1836  1975  2305  1359  1867  1441  1476  1587  310  
9  63  220  894  2037  2124  2200  2141  1754  2231  2019  1896  2119  249  
12  18  220  903  1423  1918  2057  2218  1802  2361  1758  1818  1631  78  
12  0  190  775  2022  2037  2767  1885  2159  1679  1933  1647  1941  0  
20  0  246  987  1681  1490  1564  2391  1450  2484  1900  1856  1756  201  
9  77  128  861  2121  2199  1592  1728  2224  1663  2454  2436  2347  129  
12  88  207  674  2107  2060  1792  1836  1444  2151  2164  1645  2958  33  
12  3  115  300  2088  1688  1689  1776  1692  1301  2757  1579  2282  132  
20  0  226  913  1852  1782  1581  1999  1736  1799  1650  1676  2345  139  
12  0  182  979  1836  2015  1690  1863  1811  1807  1992  1709  2028  153  
12  0  230  931  1798  2013  1979  1587  1880  1841  1557  1360  1849  38  
9  81  337  1901  1897  2306  2385  1974  2591  2572  2285  2036  3200  256  
20  160  995  1673  1467  1270  1527  1261  1493  1261  1657  1485  1432  68  
9  6  317  2700  2660  2623  3570  2572  2911  1956  2747  2691  2318  139  
9  185  1571  3080  1956  1510  1489  1711  1569  1915  1600  1727  2102  23  
9  271  2240  3738  3193  1685  1890  2260  3098  2221  2695  2572  1777  125  
20  282  2943  2564  1689  1576  1643  1926  2036  1630  2447  1903  2422  24  
20  0  402  3057  3677  2770  2894  2348  1916  1636  1770  2408  1819  37  
206  1947  3417  2340  1691  1835  1916  1779  1896  1334  2086  1371  2120  101  
20  26  480  2556  2238  2450  1806  1921  2417  1660  2042  1792  1921  168  
175  1835  2973  1530  1657  1340  2392  1315  1939  1409  1635  1870  1699  38  
