P 61   32060.8    0.5
P 63   34378.7    0.5
P 1   55348.9    0.5
P 59   58003.2    0.5
P 3   59841.7    0.5
P 58   63688.1    0.5
P 57   65537.1    0.5
P 11   65855.2    0.5
P 0   67320.9    0.5
P 9   67783.8    0.5
P 28   68360.4    0.5
P 50   68945.3    0.5
P 60   69375.6    0.5
P 7   69472.1    0.5
P 14   69616.7    0.5
P 38   69868.7    0.5
P 41   70652.7    0.5
P 32   70869.8    0.5
P 40   71521.9    0.5
P 17   71569.8    0.5
P 49   71812    0.5
P 43   72084.6    0.5
P 21   72194.9    0.5
P 36   72287.5    0.5
P 47   72788.4    0.5
P 37   73205.1    0.5
P 34   73323.1    0.5
P 30   73637.8    0.5
P 20   73721.1    0.5
P 46   73742    0.5
P 48   73755.1    0.5
P 33   73946.6    0.5
P 42   73980.5    0.5
P 45   74038.5    0.5
P 2   74279.1    0.5
P 19   74496.1    0.5
P 12   74516.8    0.5
P 35   74616.1    0.5
P 24   75150.1    0.5
P 62   75287.1    0.5
P 5   75556.3    0.5
P 56   75556.4    0.5
P 44   75657.3    0.5
P 16   75682.7    0.5
P 29   75798.8    0.5
P 22   75853.1    0.5
P 54   75923.1    0.5
P 39   76026.5    0.5
P 4   76276.7    0.5
P 53   76279.2    0.5
P 51   76373.8    0.5
P 27   76439.6    0.5
P 8   76503.2    0.5
P 13   76671.6    0.5
P 55   76715.1    0.5
P 26   76932.9    0.5
P 10   76988.5    0.5
P 6   77272.9    0.5
P 52   77330.7    0.5
P 31   77454.2    0.5
P 18   77732.5    0.5
P 15   77797.5    0.5
P 23   78147.8    0.5
P 25   78323.7    0.5
