0   1438.71
1   1772.79
2   1739.43
3   1643
4   1767.79
5   1563.64
6   1570.93
7   1517.07
8   1350.5
9   1257.79
10   1692.79
11   1502.07
12   1677.43
13   1278.71
14   1615.43
15   1182.57
16   1190.57
17   1336.86
18   1621.86
19   1757.43
20   1558.57
21   1198.43
22   1630.43
23   1361.71
24   1210.86
25   1129.21
26   1525.36
27   1264
28   1731
29   1315.29
30   1517.93
31   1356.79
32   1281.36
33   1077.29
34   1191.43
35   1151.14
36   1341.29
37   1195.86
38   1388.5
39   1203.43
40   1298.57
41   1155.36
42   1185.36
43   1184.5
44   1425.43
45   1301.21
46   1360.5
47   1287.57
48   1426.29
49   1369.36
50   1243.86
51   1265.57
52   1291.21
53   1219.64
54   1702.14
55   1126.36
56   1944.21
57   1460.5
58   1983.86
59   1650.36
60   1768.14
61   1717.07
62   1535.5
63   1557.64
