0   67320.9
1   55348.9
2   74279.1
3   59841.7
4   76276.7
5   75556.3
6   77272.9
7   69472.1
8   76503.2
9   67783.8
10   76988.5
11   65855.2
12   74516.8
13   76671.6
14   69616.7
15   77797.5
16   75682.7
17   71569.8
18   77732.5
19   74496.1
20   73721.1
21   72194.9
22   75853.1
23   78147.8
24   75150.1
25   78323.7
26   76932.9
27   76439.6
28   68360.4
29   75798.8
30   73637.8
31   77454.2
32   70869.8
33   73946.6
34   73323.1
35   74616.1
36   72287.5
37   73205.1
38   69868.7
39   76026.5
40   71521.9
41   70652.7
42   73980.5
43   72084.6
44   75657.3
45   74038.5
46   73742
47   72788.4
48   73755.1
49   71812
50   68945.3
51   76373.8
52   77330.7
53   76279.2
54   75923.1
55   76715.1
56   75556.4
57   65537.1
58   63688.1
59   58003.2
60   69375.6
61   32060.8
62   75287.1
63   34378.7
