P   33   1077.29    0.5
P   55   1126.36    0.5
P   25   1129.21    0.5
P   35   1151.14    0.5
P   41   1155.36    0.5
P   15   1182.57    0.5
P   43   1184.5    0.5
P   42   1185.36    0.5
P   16   1190.57    0.5
P   34   1191.43    0.5
P   37   1195.86    0.5
P   21   1198.43    0.5
P   39   1203.43    0.5
P   24   1210.86    0.5
P   53   1219.64    0.5
P   50   1243.86    0.5
P   9   1257.79    0.5
P   27   1264    0.5
P   51   1265.57    0.5
P   13   1278.71    0.5
P   32   1281.36    0.5
P   47   1287.57    0.5
P   52   1291.21    0.5
P   40   1298.57    0.5
P   45   1301.21    0.5
P   29   1315.29    0.5
P   17   1336.86    0.5
P   36   1341.29    0.5
P   8   1350.5    0.5
P   31   1356.79    0.5
P   46   1360.5    0.5
P   23   1361.71    0.5
P   49   1369.36    0.5
P   38   1388.5    0.5
P   44   1425.43    0.5
P   48   1426.29    0.5
P   0   1438.71    0.5
P   57   1460.5    0.5
P   11   1502.07    0.5
P   7   1517.07    0.5
P   30   1517.93    0.5
P   26   1525.36    0.5
P   62   1535.5    0.5
P   63   1557.64    0.5
P   20   1558.57    0.5
P   5   1563.64    0.5
P   6   1570.93    0.5
P   14   1615.43    0.5
P   18   1621.86    0.5
P   22   1630.43    0.5
P   3   1643    0.5
P   59   1650.36    0.5
P   12   1677.43    0.5
P   10   1692.79    0.5
P   54   1702.14    0.5
P   61   1717.07    0.5
P   28   1731    0.5
P   2   1739.43    0.5
P   19   1757.43    0.5
P   4   1767.79    0.5
P   60   1768.14    0.5
P   1   1772.79    0.5
P   56   1944.21    0.5
P   58   1983.86    0.5
