27  0  513  288  192  1734  134  222  8694  18149  18328  11310  19255  18628  19893  6913  16167  19578  19445  18281  18060  19403  19950  19952  11619  5826  8804  20448  19965  17203  18681  19710  18522  17968  17874  18378  18056  18228  18827  17969  19209  20641  18947  18686  20046  19229  8668  6048  5680  4704  4900  17164  18532  19119  17889  20295  18257  18327  18805  18057  17981  18820  18956  19781  17995  19912  18585  8393  
27  2  639  396  440  440  396  440  440  440  396  440  440  396  440  440  396  440  440  440  396  440  440  396  440  440  440  396  440  440  396  440  440  437  399  440  440  396  440  440  396  440  440  440  396  440  440  396  440  440  440  396  440  440  396  440  440  396  440  440  440  396  440  440  396  440  440  176  
27  641  437  399  440  440  396  440  440  396  440  440  440  396  440  440  396  440  440  396  440  440  440  396  440  440  396  440  440  440  396  440  440  396  440  440  396  440  440  440  396  440  440  396  440  440  440  396  440  440  396  440  440  437  399  440  440  396  440  440  396  440  440  440  396  440  440  176  
553  395  327  360  360  324  360  360  324  360  360  360  324  360  360  324  360  360  360  324  360  360  324  360  360  360  324  360  360  324  360  360  360  324  360  360  324  360  360  360  324  360  360  360  324  360  360  324  360  360  360  324  360  360  324  360  360  360  324  360  360  324  360  360  360  324  360  180  
178  396  633  517  396  440  440  440  396  440  440  396  440  440  440  396  440  440  396  440  440  396  440  440  440  396  440  440  396  440  440  437  399  440  440  396  440  440  396  440  440  440  396  440  440  396  440  440  440  396  440  440  396  440  440  396  440  440  440  396  440  440  396  440  440  440  396  220  
27  151  568  494  440  419  417  440  440  396  440  440  396  440  440  440  396  440  440  396  440  440  407  429  440  440  396  440  440  396  440  440  437  399  440  440  396  440  440  396  440  440  440  396  440  440  396  440  440  396  440  440  440  396  440  440  396  440  440  440  396  440  440  396  440  440  396  220  
27  15  714  440  396  440  440  396  440  440  440  396  440  440  396  440  440  440  396  440  440  396  440  440  396  440  440  440  396  440  440  396  440  440  396  440  440  440  396  440  440  396  440  440  440  396  440  440  396  440  440  396  440  440  440  396  440  440  396  440  440  440  396  440  440  396  440  220  
27  0  743  644  440  396  440  440  396  440  440  396  440  440  440  396  440  440  396  440  440  440  396  440  440  396  440  440  396  440  440  440  396  440  440  396  440  440  396  440  440  440  396  440  440  396  440  440  440  396  440  440  396  440  440  396  440  440  440  396  440  440  396  440  440  440  396  220  
27  432  514  399  440  440  396  440  440  396  440  440  440  396  440  440  396  440  440  437  399  440  440  396  440  440  396  440  440  440  396  440  440  396  440  440  440  396  440  440  396  440  440  396  440  440  440  396  440  440  396  440  440  440  396  440  440  396  440  440  437  399  440  440  396  440  440  176  
27  710  415  396  440  440  396  440  440  435  401  440  440  396  440  440  396  440  440  440  396  440  440  396  440  440  440  396  440  440  396  440  440  410  426  440  440  396  440  440  396  440  440  440  396  440  440  396  440  440  440  396  440  440  396  440  440  440  396  440  440  396  440  440  396  440  440  176  
27  459  490  437  399  440  440  396  440  440  396  440  440  440  396  440  440  396  440  440  396  440  440  440  396  440  440  396  440  440  440  396  440  440  396  440  440  396  440  440  440  396  440  440  396  440  440  440  396  440  440  396  440  440  396  440  440  440  396  440  440  396  440  440  437  399  440  220  
27  561  754  396  440  440  396  440  440  396  440  440  440  396  440  440  396  440  440  440  396  440  440  396  440  440  426  410  440  440  396  440  440  396  440  440  440  396  440  440  396  440  440  429  407  440  440  396  440  440  396  440  440  440  396  440  440  396  440  440  440  396  440  440  396  440  440  176  
27  773  396  440  396  440  440  407  429  440  440  396  440  440  396  440  440  440  396  440  440  396  440  440  440  396  440  440  396  440  440  396  440  440  440  396  440  440  396  440  440  440  396  440  440  396  440  440  396  440  440  440  396  440  440  396  440  440  440  396  440  440  396  440  440  396  440  220  
27  685  440  396  440  440  396  440  440  437  399  440  440  396  440  440  396  440  440  440  396  440  440  396  440  440  429  407  440  440  396  440  440  396  440  440  440  396  440  440  396  440  440  437  399  440  440  396  440  440  396  440  440  440  396  440  440  396  440  440  437  399  440  440  396  440  440  176  
27  596  441  396  440  440  396  440  440  440  396  440  440  396  440  440  396  440  440  440  396  440  440  396  440  440  437  399  440  440  396  440  440  396  440  440  440  396  440  440  396  440  440  396  440  440  440  396  440  440  396  440  440  440  396  440  440  396  440  440  419  417  440  440  396  440  440  176  
125  635  360  324  360  360  360  324  360  360  324  360  360  360  324  360  360  324  360  360  360  324  360  360  324  360  360  360  324  360  360  324  360  360  360  324  360  360  324  360  360  360  324  360  360  324  360  360  360  324  360  360  324  360  360  360  324  360  360  324  360  360  360  324  360  360  360  144  
27  327  710  440  440  396  440  440  440  396  440  440  396  440  440  396  440  440  440  396  440  440  396  440  440  440  396  440  440  396  440  440  396  440  440  440  396  440  440  396  440  440  440  396  440  440  396  440  440  396  440  440  440  396  440  440  396  440  440  423  413  440  440  396  440  440  396  220  
27  63  540  478  440  440  440  396  440  440  396  440  440  440  396  440  440  396  440  440  396  440  440  440  396  440  440  396  440  440  437  399  440  440  396  440  440  396  440  440  440  396  440  440  396  440  440  440  396  440  440  396  440  440  396  440  440  440  396  440  440  396  440  440  437  399  440  220  
27  18  799  396  440  440  440  396  440  440  396  440  440  437  399  440  440  396  440  440  404  432  440  440  396  440  440  396  440  440  440  396  440  440  396  440  440  396  440  440  440  396  440  440  396  440  440  440  396  440  440  396  440  440  440  396  440  440  396  440  440  396  440  440  440  396  440  220  
27  63  902  714  396  440  440  401  435  440  440  396  440  440  396  440  440  440  396  440  440  396  440  440  396  440  440  440  396  440  440  396  440  440  440  396  440  440  396  440  440  410  426  440  440  396  440  440  396  440  440  440  396  440  440  396  440  440  440  396  440  440  396  440  440  435  401  220  
90  440  600  506  396  440  440  440  396  440  440  396  440  440  396  440  440  440  396  440  440  396  440  440  429  407  440  440  396  440  440  396  440  440  440  396  440  440  396  440  440  440  396  440  440  396  440  440  396  440  440  440  396  440  440  396  440  440  435  401  440  440  396  440  440  396  440  220  
27  283  798  440  396  440  440  396  440  440  440  396  440  440  396  440  440  396  440  440  440  396  440  440  396  440  440  440  396  440  440  396  440  440  398  438  440  440  396  440  440  396  440  440  440  396  440  440  396  440  440  396  440  440  440  396  440  440  396  440  440  440  396  440  440  396  440  220  
27  368  527  494  416  420  440  440  396  440  440  396  440  440  440  396  440  440  396  440  440  396  440  440  440  396  440  440  396  440  440  437  399  440  440  396  440  440  396  440  440  440  396  440  440  396  440  440  416  420  440  440  396  440  440  396  440  440  440  396  440  440  396  440  440  440  396  220  
27  151  768  644  440  396  440  440  396  440  440  413  423  440  440  396  440  440  396  440  440  440  396  440  440  396  440  440  422  414  440  440  396  440  440  396  440  440  440  396  440  440  396  440  440  437  399  440  440  396  440  440  396  440  440  440  396  440  440  396  440  440  396  440  440  440  396  220  
27  18  755  396  440  440  440  396  440  440  396  440  440  440  396  440  440  396  440  440  429  407  440  440  396  440  440  396  440  440  440  396  440  440  396  440  440  396  440  440  440  396  440  440  396  440  440  396  440  440  440  396  440  440  396  440  440  440  396  440  440  396  440  440  440  396  440  220  
27  0  515  478  440  440  396  440  440  437  399  440  440  396  440  440  396  440  440  440  396  440  440  396  440  440  396  440  440  440  396  440  440  396  440  440  440  396  440  440  396  440  440  396  440  440  440  396  440  440  396  440  440  440  396  440  440  396  440  440  396  440  440  440  396  440  440  176  
27  0  685  396  440  440  396  440  440  396  440  440  440  396  440  440  396  440  440  440  396  440  440  396  440  440  440  396  440  440  396  440  440  396  440  440  440  396  440  440  396  440  440  440  396  440  440  396  440  440  396  440  440  440  396  440  440  396  440  440  440  396  440  440  396  440  440  176  
27  195  946  634  440  440  440  396  440  440  396  440  440  396  440  440  440  396  440  440  396  440  440  440  396  440  440  396  440  440  440  396  440  440  396  440  440  396  440  440  440  396  440  440  396  440  440  440  396  440  440  396  440  440  423  413  440  440  396  440  440  396  440  440  440  396  440  220  
134  440  798  440  396  440  440  396  440  440  440  396  440  440  396  440  440  440  396  440  440  396  440  440  440  396  440  440  396  440  440  396  440  440  440  396  440  440  396  440  440  440  396  440  440  396  440  440  396  440  440  440  396  440  440  396  440  440  437  399  440  440  396  440  440  396  440  220  
27  107  754  440  396  440  440  396  440  440  440  396  440  440  396  440  440  440  396  440  440  396  440  440  396  440  440  440  396  440  440  396  440  440  396  440  440  440  396  440  440  396  440  440  440  396  440  440  396  440  440  440  396  440  440  396  440  440  396  440  440  440  396  440  440  396  440  220  
27  195  710  440  396  440  440  396  440  440  440  396  440  440  396  440  440  440  396  440  440  396  440  440  440  396  440  440  396  440  440  396  440  440  440  396  440  440  396  440  440  440  396  440  440  396  440  440  396  440  440  440  396  440  440  396  440  440  437  399  440  440  396  440  440  396  440  220  
27  44  973  887  396  440  440  396  440  440  396  440  440  440  396  440  440  396  440  440  396  440  440  440  396  440  440  396  440  440  440  396  440  440  396  440  440  396  440  440  440  396  440  440  396  440  440  440  396  440  440  396  440  440  396  440  440  440  396  440  440  396  440  440  440  396  440  220  
45  799  396  416  420  440  440  396  440  440  396  440  440  440  396  440  440  396  440  440  396  440  440  440  396  440  440  396  440  440  440  396  440  440  396  440  440  396  440  440  440  396  440  440  396  440  440  396  440  440  440  396  440  440  396  440  440  426  410  440  440  396  440  440  396  440  440  220  
266  798  396  440  396  440  440  396  440  440  396  440  440  440  396  440  440  396  440  440  440  396  440  440  396  440  440  396  440  440  440  396  440  440  396  440  440  396  440  440  440  396  440  440  396  440  440  440  396  440  440  396  440  440  440  396  440  440  396  440  440  422  414  440  440  396  440  220  
222  754  396  440  396  440  440  396  440  440  396  440  440  440  396  440  440  396  440  440  440  396  440  440  396  440  440  396  440  440  440  396  440  440  396  440  440  437  399  440  440  396  440  440  396  440  440  440  396  440  440  396  440  440  440  396  440  440  396  440  440  410  426  440  440  396  440  220  
45  1121  396  440  396  440  440  396  440  440  396  440  440  440  396  440  440  396  440  440  404  432  440  440  396  440  440  396  440  440  440  396  440  440  396  440  440  410  426  440  440  396  440  440  396  440  440  440  396  440  440  396  440  440  407  429  440  440  396  440  440  396  440  440  440  396  440  220  
27  88  729  440  396  440  440  396  440  440  396  440  440  440  396  440  440  396  440  440  440  396  440  440  396  440  440  410  426  440  440  396  440  440  396  440  440  440  396  440  440  396  440  440  437  399  440  440  396  440  440  396  440  440  440  396  440  440  396  440  440  396  440  440  440  396  440  220  
27  0  582  455  440  396  440  440  440  396  440  440  396  440  440  416  420  440  440  396  440  440  396  440  440  440  396  440  440  396  440  440  396  440  440  440  396  440  440  396  440  440  440  396  440  440  396  440  440  396  440  440  440  396  440  440  396  440  440  440  396  440  440  396  440  440  396  220  
27  88  743  426  440  440  396  440  440  396  440  440  440  396  440  440  396  440  440  437  399  440  440  396  440  440  396  440  440  440  396  440  440  396  440  440  422  414  440  440  396  440  440  396  440  440  440  396  440  440  396  440  440  396  440  440  440  396  440  440  396  440  440  440  396  440  440  176  
27  596  469  678  440  396  440  440  396  440  440  440  396  440  440  396  440  440  440  396  440  440  396  440  440  429  407  440  440  396  440  440  396  440  440  440  396  440  440  396  440  440  440  396  440  440  396  440  440  396  440  440  440  396  440  440  396  440  440  440  396  440  440  396  440  440  413  203  
222  352  739  455  440  396  440  440  440  396  440  440  396  440  440  440  396  440  440  396  440  440  396  440  440  440  396  440  440  396  440  440  440  396  440  440  396  440  440  437  399  440  440  396  440  440  396  440  440  440  396  440  440  396  440  440  396  440  440  440  396  440  440  396  440  440  440  176  
27  239  754  440  396  440  440  396  440  440  440  396  440  440  396  440  440  401  435  440  440  396  440  440  396  440  440  440  396  440  440  396  440  440  396  440  440  440  396  440  440  396  440  440  440  396  440  440  396  440  440  396  440  440  440  396  440  440  396  440  440  437  399  440  440  396  440  220  
263  355  611  495  440  396  440  440  396  440  440  440  396  440  440  396  440  440  396  440  440  440  396  440  440  396  440  440  440  396  440  440  396  440  440  396  440  440  440  396  440  440  396  440  440  437  399  440  440  396  440  440  396  440  440  440  396  440  440  396  440  440  396  440  440  440  396  220  
27  18  787  714  398  438  440  440  396  440  440  396  440  440  440  396  440  440  396  440  440  396  440  440  440  396  440  440  396  440  440  440  396  440  440  396  440  440  396  440  440  440  396  440  440  396  440  440  429  407  440  440  396  440  440  396  440  440  440  396  440  440  396  440  440  440  396  220  
27  541  452  440  396  440  440  396  440  440  396  440  440  440  396  440  440  396  440  440  423  413  440  440  396  440  440  396  440  440  440  396  440  440  396  440  440  440  396  440  440  396  440  440  396  440  440  440  396  440  440  396  440  440  407  429  440  440  396  440  440  396  440  440  440  396  440  220  
115  729  396  440  440  440  396  440  440  396  440  440  396  440  440  440  396  440  440  396  440  440  440  396  440  440  396  440  440  440  396  440  440  396  440  440  401  435  440  440  396  440  440  396  440  440  440  396  440  440  396  440  440  413  423  440  440  396  440  440  396  440  440  440  396  440  440  176  
115  729  396  440  396  440  440  396  440  440  440  396  440  440  396  440  440  396  440  440  440  396  440  440  396  440  440  440  396  440  440  396  440  440  423  413  440  440  396  440  440  396  440  440  440  396  440  440  396  440  440  440  396  440  440  396  440  440  396  440  440  440  396  440  440  396  440  220  
421  559  521  798  440  440  440  396  440  440  396  440  440  396  440  440  440  396  440  440  396  440  440  440  396  440  440  396  440  440  396  440  440  440  396  440  440  396  440  440  440  396  440  440  396  440  440  404  432  440  440  396  440  440  396  440  440  440  396  440  440  396  440  440  440  396  440  220  
42  703  495  396  440  440  396  440  440  407  429  440  440  396  440  440  396  440  440  440  396  440  440  396  440  440  396  440  440  440  396  440  440  396  440  440  440  396  440  440  396  440  440  422  414  440  440  396  440  440  396  440  440  440  396  440  440  396  440  440  440  396  440  440  396  440  440  176  
27  15  714  396  440  440  396  440  440  437  399  440  440  396  440  440  396  440  440  440  396  440  440  396  440  440  437  399  440  440  396  440  440  396  440  440  440  396  440  440  396  440  440  429  407  440  440  396  440  440  396  440  440  416  420  440  440  396  440  440  396  440  440  437  399  440  440  176  
27  0  468  481  440  440  396  440  440  396  440  440  440  396  440  440  396  440  440  440  396  440  440  396  440  440  440  396  440  440  396  440  440  396  440  440  440  396  440  440  396  440  440  437  399  440  440  396  440  440  396  440  440  440  396  440  440  396  440  440  437  399  440  440  396  440  440  176  
27  555  527  637  440  396  440  440  396  440  440  396  440  440  440  396  440  440  396  440  440  440  396  440  440  396  440  440  429  407  440  440  396  440  440  396  440  440  440  396  440  440  396  440  440  437  399  440  440  396  440  440  396  440  440  440  396  440  440  396  440  440  440  396  440  440  396  220  
29  683  396  440  396  440  440  440  396  440  440  396  440  440  440  396  440  440  396  440  440  437  399  440  440  396  440  440  396  440  440  440  396  440  440  396  440  440  437  399  440  440  396  440  440  396  440  440  440  396  440  440  396  440  440  396  440  440  440  396  440  440  396  440  440  440  396  220  
42  714  440  396  440  440  396  440  440  396  440  440  440  396  440  440  396  440  440  440  396  440  440  396  440  440  396  440  440  440  396  440  440  396  440  440  437  399  440  440  396  440  440  396  440  440  440  396  440  440  396  440  440  410  426  440  440  396  440  440  396  440  440  440  396  440  440  176  
131  669  440  396  440  440  396  440  440  440  396  440  440  396  440  440  426  410  440  440  396  440  440  396  440  440  440  396  440  440  396  440  440  437  399  440  440  396  440  440  396  440  440  440  396  440  440  396  440  440  440  396  440  440  396  440  440  396  440  440  440  396  440  440  396  440  440  203  
340  467  667  396  440  440  396  440  440  440  396  440  440  396  440  440  416  420  440  440  396  440  440  396  440  440  440  396  440  440  396  440  440  396  440  440  440  396  440  440  396  440  440  404  432  440  440  396  440  440  396  440  440  440  396  440  440  396  440  440  437  399  440  440  396  440  440  176  
222  798  440  440  396  440  440  396  440  440  440  396  440  440  396  440  440  396  440  440  440  396  440  440  396  440  440  440  396  440  440  396  440  440  440  396  440  440  396  440  440  396  440  440  440  396  440  440  396  440  440  413  423  440  440  396  440  440  396  440  440  440  396  440  440  396  440  220  
27  538  455  440  396  440  440  396  440  440  440  396  440  440  396  440  440  416  420  440  440  396  440  440  396  440  440  440  396  440  440  396  440  440  440  396  440  440  396  440  440  398  438  440  440  396  440  440  396  440  440  440  396  440  440  396  440  440  426  410  440  440  396  440  440  396  440  220  
27  685  396  440  396  440  440  437  399  440  440  396  440  440  396  440  440  440  396  440  440  396  440  440  440  396  440  440  396  440  440  396  440  440  440  396  440  440  396  440  440  437  399  440  440  396  440  440  396  440  440  440  396  440  440  396  440  440  440  396  440  440  396  440  440  437  399  220  
27  822  609  440  440  440  396  440  440  396  440  440  440  396  440  440  396  440  440  440  396  440  440  396  440  440  396  440  440  440  396  440  440  396  440  440  440  396  440  440  396  440  440  404  432  440  440  396  440  440  396  440  440  440  396  440  440  396  440  440  396  440  440  440  396  440  440  176  
418  382  396  440  440  440  396  440  440  396  440  440  440  396  440  440  396  440  440  396  440  440  440  396  440  440  396  440  440  437  399  440  440  396  440  440  396  440  440  440  396  440  440  396  440  440  396  440  440  440  396  440  440  396  440  440  440  396  440  440  396  440  440  440  396  440  440  176  
426  374  437  399  440  440  396  440  440  396  440  440  440  396  440  440  396  440  440  429  407  440  440  396  440  440  396  440  440  440  396  440  440  396  440  440  437  399  440  440  396  440  440  396  440  440  440  396  440  440  396  440  440  440  396  440  440  396  440  440  396  440  440  440  396  440  440  176  
208  548  440  396  440  440  396  440  440  423  413  440  440  396  440  440  396  440  440  440  396  440  440  396  440  440  396  440  440  440  396  440  440  396  440  440  440  396  440  440  396  440  440  416  420  440  440  396  440  440  396  440  440  440  396  440  440  396  440  440  440  396  440  440  396  440  440  176  
148  471  360  460  360  360  324  360  360  324  360  360  360  324  360  360  360  324  360  360  324  360  360  360  324  360  360  324  360  360  360  324  360  360  324  360  360  360  324  360  360  324  360  360  360  324  360  360  324  360  360  360  324  360  360  324  360  360  360  324  360  360  329  355  360  360  324  180  
