P 3   -6280.32    0.5
P 47   3726.99    0.5
P 33   8555.3    0.5
P 35   8587.57    0.5
P 56   10282.4    0.5
P 34   10876.1    0.5
P 60   11082    0.5
P 61   11734.8    0.5
P 31   12818.6    0.5
P 15   12880.2    0.5
P 55   13514.8    0.5
P 32   13878.7    0.5
P 46   14200.8    0.5
P 19   14750.7    0.5
P 12   14761    0.5
P 59   14827.2    0.5
P 45   14836.1    0.5
P 27   15200.2    0.5
P 63   15212.3    0.5
P 43   15366    0.5
P 0   15569.5    0.5
P 54   15638.1    0.5
P 7   16036.7    0.5
P 40   16219.6    0.5
P 39   16225.9    0.5
P 58   16468.6    0.5
P 9   16476.8    0.5
P 52   16631.9    0.5
P 28   16674.3    0.5
P 53   16781.3    0.5
P 42   16811    0.5
P 18   16822.7    0.5
P 23   16965.3    0.5
P 24   17194.1    0.5
P 48   17218.5    0.5
P 13   17444.8    0.5
P 51   17500.8    0.5
P 6   17631.1    0.5
P 37   17772.6    0.5
P 62   18104.3    0.5
P 29   18111.5    0.5
P 36   18125.9    0.5
P 11   18139.8    0.5
P 49   18173.8    0.5
P 26   18180.7    0.5
P 1   18243.4    0.5
P 4   18247    0.5
P 2   18391.1    0.5
P 50   18421.1    0.5
P 21   18488.2    0.5
P 17   18577.4    0.5
P 38   18688.8    0.5
P 25   18692.9    0.5
P 41   18965.9    0.5
P 14   19195.5    0.5
P 30   19317.3    0.5
P 5   19373.1    0.5
P 16   19414.8    0.5
P 20   19429.6    0.5
P 44   19648.2    0.5
P 57   19776.8    0.5
P 10   20857.4    0.5
P 22   21144.1    0.5
P 8   21752.6    0.5
