0   14659.1
1   414.235
2   420.706
3   350.691
4   423.941
5   416.824
6   416.176
7   419.382
8   418.765
9   421.353
10   419.412
11   424.147
12   422.647
13   421.353
14   420.059
15   347.882
16   420.706
17   415.529
18   417.471
19   423.676
20   422.647
21   421.353
22   419.412
23   421.971
24   416.824
25   413.588
26   414.882
27   425.735
28   425.235
29   418.118
30   418.765
31   426.985
32   423.294
33   426.529
34   425.235
35   428.029
36   417.471
37   414.235
38   417.471
39   424.618
40   424.588
41   420.059
42   423.941
43   421.324
44   420.059
45   423.294
46   423.294
47   433.044
48   422.647
49   415.529
50   412.941
51   424.265
52   421.353
53   422
54   423.044
55   426.088
56   426.529
57   420.059
58   421.353
59   426.5
60   422.647
61   422.647
62   422
63   347.809
