0   15569.5
1   18243.4
2   18391.1
3   -6280.32
4   18247
5   19373.1
6   17631.1
7   16036.7
8   21752.6
9   16476.8
10   20857.4
11   18139.8
12   14761
13   17444.8
14   19195.5
15   12880.2
16   19414.8
17   18577.4
18   16822.7
19   14750.7
20   19429.6
21   18488.2
22   21144.1
23   16965.3
24   17194.1
25   18692.9
26   18180.7
27   15200.2
28   16674.3
29   18111.5
30   19317.3
31   12818.6
32   13878.7
33   8555.3
34   10876.1
35   8587.57
36   18125.9
37   17772.6
38   18688.8
39   16225.9
40   16219.6
41   18965.9
42   16811
43   15366
44   19648.2
45   14836.1
46   14200.8
47   3726.99
48   17218.5
49   18173.8
50   18421.1
51   17500.8
52   16631.9
53   16781.3
54   15638.1
55   13514.8
56   10282.4
57   19776.8
58   16468.6
59   14827.2
60   11082
61   11734.8
62   18104.3
63   15212.3
