P   63   347.809    0.5
P   15   347.882    0.5
P   3   350.691    0.5
P   50   412.941    0.5
P   25   413.588    0.5
P   1   414.235    0.5
P   37   414.235    0.5
P   26   414.882    0.5
P   17   415.529    0.5
P   49   415.529    0.5
P   6   416.176    0.5
P   5   416.824    0.5
P   24   416.824    0.5
P   36   417.471    0.5
P   38   417.471    0.5
P   18   417.471    0.5
P   29   418.118    0.5
P   8   418.765    0.5
P   30   418.765    0.5
P   7   419.382    0.5
P   22   419.412    0.5
P   10   419.412    0.5
P   44   420.059    0.5
P   41   420.059    0.5
P   14   420.059    0.5
P   57   420.059    0.5
P   2   420.706    0.5
P   16   420.706    0.5
P   43   421.324    0.5
P   9   421.353    0.5
P   52   421.353    0.5
P   13   421.353    0.5
P   58   421.353    0.5
P   21   421.353    0.5
P   23   421.971    0.5
P   53   422    0.5
P   62   422    0.5
P   12   422.647    0.5
P   61   422.647    0.5
P   60   422.647    0.5
P   48   422.647    0.5
P   20   422.647    0.5
P   54   423.044    0.5
P   46   423.294    0.5
P   45   423.294    0.5
P   32   423.294    0.5
P   19   423.676    0.5
P   42   423.941    0.5
P   4   423.941    0.5
P   11   424.147    0.5
P   51   424.265    0.5
P   40   424.588    0.5
P   39   424.618    0.5
P   34   425.235    0.5
P   28   425.235    0.5
P   27   425.735    0.5
P   55   426.088    0.5
P   59   426.5    0.5
P   33   426.529    0.5
P   56   426.529    0.5
P   31   426.985    0.5
P   35   428.029    0.5
P   47   433.044    0.5
P   0   14659.1    0.5
