0   52.8125
1   1477.56
2   2688.44
3   49.7875
4   113.875
5   48.9625
6   50.625
7   49.2875
8   72.5375
9   49.525
10   1550.71
11   50.6
12   49.475
13   50.9125
14   49.7875
15   47.4125
16   50.625
17   51.9375
18   830.25
19   49.7125
20   49.525
21   50.45
22   50.75
23   51.025
24   48.5875
25   50.35
26   690.675
27   50.4625
28   2059.39
29   1131.2
30   50.2125
31   51.2875
32   49.4875
33   48.925
34   51.425
35   50.425
36   50.4375
37   51.3625
38   51.1625
39   50.5125
40   49.275
41   50.2625
42   283.262
43   49.725
44   51.0625
45   50.7
46   50.1375
47   49.975
48   49.275
49   50.65
50   51.0625
51   50.9125
52   50.4625
53   49.8
54   49.1
55   49.1
56   49.7
57   49.4875
58   50.1
59   49.7875
60   50.1625
61   48.7875
62   49.6
63   1902.19
