0   4.49179
1   805.737
2   6541.2
3   909.643
4   1044.87
5   735.966
6   233.122
7   640.519
8   812.102
9   890.315
10   5989.44
11   583.063
12   830.887
13   358.232
14   285.086
15   449.628
16   61.4683
17   -41.9716
18   4213.8
19   714.016
20   652.57
21   207.98
22   691.234
23   259.506
24   289.338
25   832.254
26   5593.98
27   407.059
28   5398.85
29   6666.21
30   194.06
31   -240.62
32   -31.7443
33   712.537
34   -88.2369
35   718.225
36   404.253
37   257.939
38   678.855
39   413.802
40   626.837
41   595.875
42   5021.19
43   498.027
44   190.375
45   245.308
46   1010.9
47   347.366
48   352.876
49   -105.427
50   147.94
51   -215.119
52   673.16
53   704.634
54   666.264
55   682.011
56   809.935
57   782.384
58   747.449
59   608.349
60   323.709
61   789.198
62   593.784
63   5312.17
