100  126  287  127  50  50  50  50  50  50  50  45  50  50  50  50  50  50  50  50  55  50  45  50  50  50  50  50  50  50  50  50  50  45  40  45  50  50  50  50  51  24  50  50  50  45  50  50  50  50  56  14  45  50  50  47  33  50  50  50  46  14  50  50  50  60  20  50  50  50  45  50  50  50  50  35  40  55  50  30  
9  0  143  215  50  50  45  50  50  50  50  50  50  50  50  50  50  45  50  306  456  435  450  420  450  405  450  390  420  444  456  480  480  480  684  905  1816  2381  3953  10430  8757  6412  10074  9946  8650  9439  8983  8502  8228  9961  166  36  48  50  50  47  33  50  50  50  33  42  50  45  50  53  42  50  50  50  50  50  50  45  50  37  23  37  38  30  
9  0  207  171  50  50  50  50  50  50  50  50  50  45  50  50  50  50  50  42  43  50  45  50  50  50  50  50  50  50  50  50  50  45  1026  1146  1170  750  975  855  862  420  847  2075  2759  7220  8883  8374  8226  9171  9049  1045  4851  9308  9456  8498  3545  8757  159  47  999  1034  7642  9438  10281  8242  8243  6717  7633  8175  9729  9520  9870  6006  50  37  38  22  43  25  
20  23  310  50  45  50  50  50  50  50  50  50  50  50  50  45  50  50  50  37  48  50  45  50  50  50  50  50  50  50  50  50  45  50  30  45  50  50  50  50  53  37  45  50  50  50  50  45  50  50  56  29  50  50  50  38  32  50  50  50  33  24  48  50  50  53  47  50  50  50  50  50  50  50  45  47  43  52  33  30  
12  18  187  184  50  45  50  50  50  50  50  50  50  50  50  50  45  50  50  28  67  50  45  50  50  50  50  50  50  50  50  50  50  45  30  50  50  50  45  50  56  19  50  50  50  50  50  50  50  50  56  41  43  50  50  38  22  50  50  50  42  13  50  50  45  53  42  45  50  50  50  50  50  50  50  770  1443  678  1151  1302  
9  6  269  118  50  50  50  50  50  50  50  50  50  50  45  50  50  50  50  28  47  45  50  50  50  50  50  50  50  50  50  50  45  50  37  43  50  50  50  50  53  27  50  50  45  50  50  50  50  50  51  19  55  50  50  38  47  50  50  50  33  12  50  50  50  53  22  50  50  50  50  50  50  50  45  26  39  35  45  30  
12  29  146  208  50  50  50  50  50  50  50  45  50  50  50  50  50  50  50  60  60  45  50  50  50  50  50  50  50  50  50  45  50  50  35  50  50  50  50  45  56  9  50  50  50  50  50  50  50  50  56  59  55  50  50  47  43  50  45  50  56  39  50  45  50  53  52  50  50  50  50  50  50  50  45  21  29  23  57  30  
20  88  250  50  50  50  50  50  50  50  45  50  50  50  50  50  50  50  50  47  53  50  50  50  50  50  50  50  50  50  45  50  50  50  35  40  50  50  50  45  58  27  50  50  50  50  50  50  50  50  56  11  38  50  50  38  42  47  48  50  43  12  50  50  50  53  27  50  50  50  50  50  50  50  45  28  42  42  38  30  
9  0  65  298  50  50  50  50  50  50  50  50  45  50  50  50  50  50  50  52  48  50  45  50  50  50  50  50  50  50  50  50  50  45  27  48  50  50  50  45  63  32  50  50  50  45  50  50  50  50  56  0  39  50  45  45  40  50  50  50  42  25  43  50  50  53  52  50  50  50  50  50  50  50  45  42  18  726  842  423  
12  22  327  51  50  50  50  45  50  50  50  50  50  50  50  50  50  50  45  31  49  50  45  50  50  50  50  50  50  50  50  50  50  45  18  47  50  50  50  50  53  32  50  50  50  50  50  50  50  50  56  36  48  50  50  50  35  50  50  50  33  39  48  50  50  60  30  50  50  50  50  50  50  50  45  26  19  35  50  30  
9  3  258  127  50  50  50  50  50  50  50  50  45  50  50  50  50  50  50  27  43  50  45  50  50  50  50  50  50  50  50  50  47  48  30  50  50  50  50  45  58  27  50  50  50  45  50  50  50  50  58  9  48  50  50  466  1470  1293  1065  1260  1190  423  1651  3422  3465  9058  7773  9160  7971  9652  7338  9550  7113  6305  7832  6257  5366  3039  4617  4499  
20  125  223  50  50  50  45  50  50  50  50  50  50  50  50  50  50  45  50  57  68  50  45  50  50  50  50  50  50  50  50  50  50  45  32  48  50  50  50  50  51  19  50  50  50  50  50  50  50  45  58  57  45  50  45  38  32  50  50  50  42  23  45  50  50  60  40  50  50  50  50  50  50  50  45  42  43  47  43  25  
20  0  333  50  50  50  50  50  50  50  50  50  47  48  50  50  50  50  50  42  43  50  45  50  50  50  50  50  50  50  50  50  50  45  35  45  50  50  50  50  53  22  50  50  50  50  50  50  50  50  58  24  58  50  50  38  27  50  50  50  33  32  45  50  50  53  32  50  50  50  50  50  50  50  45  28  52  37  43  25  
20  182  171  50  50  50  50  50  50  50  50  45  50  50  50  50  50  50  50  37  43  50  50  50  50  50  50  50  50  50  50  50  45  50  27  48  50  50  45  50  100  25  50  50  50  50  50  45  50  50  56  64  45  50  50  45  50  45  50  50  38  32  50  50  50  48  27  50  50  50  50  50  50  50  45  42  38  42  48  25  
20  212  141  50  50  50  50  50  50  50  50  50  50  45  50  50  50  50  50  28  57  50  50  50  50  50  50  50  50  50  50  45  50  50  35  50  50  45  50  50  58  22  50  50  50  50  50  50  50  45  56  14  40  50  50  45  35  45  50  50  42  28  50  45  50  53  27  50  50  50  50  50  50  50  45  40  40  42  53  30  
6  0  41  166  45  50  50  50  50  50  50  50  50  50  50  45  50  50  50  50  50  50  50  50  50  50  50  50  50  50  50  45  50  50  25  50  50  50  50  45  56  24  50  45  50  50  50  50  50  50  53  24  43  50  50  38  42  50  50  50  38  52  50  50  50  53  72  50  50  50  50  50  50  45  50  31  39  11  34  25  
9  0  123  327  51  50  50  50  50  50  50  50  45  50  50  50  50  50  50  67  53  50  45  50  50  50  50  50  50  50  50  50  50  45  32  48  50  50  50  45  56  19  45  50  50  50  50  50  50  50  51  9  55  50  50  47  33  50  45  50  33  32  50  45  50  53  32  50  50  50  45  50  50  50  50  47  43  42  53  25  
12  74  116  338  50  50  50  50  50  50  45  50  50  50  50  50  50  50  50  62  48  45  50  50  50  50  50  50  50  50  50  50  45  50  37  48  50  50  50  50  51  16  43  50  50  50  50  50  45  50  56  26  43  50  50  38  42  50  50  50  43  27  50  50  50  53  37  50  50  50  50  50  45  50  50  50  55  40  45  30  
12  3  131  343  50  50  45  50  50  50  50  50  50  50  50  50  47  48  50  52  68  50  45  50  50  50  50  50  50  50  50  50  50  45  35  45  45  50  50  50  56  24  50  45  50  50  50  50  50  50  56  19  55  50  50  38  22  50  50  50  38  1328  1382  1125  1220  1432  228  937  3107  2652  1964  2670  7506  5213  9480  2110  8789  2624  6291  3145  
9  25  182  166  50  50  50  45  50  50  50  50  50  50  50  50  50  45  50  23  62  45  50  50  50  50  50  50  50  50  50  50  45  50  40  50  50  50  50  50  51  24  50  50  50  45  50  50  50  50  56  41  38  50  50  38  42  50  50  50  33  17  45  50  50  53  52  50  50  50  50  50  50  45  45  42  58  40  45  30  
9  65  303  50  45  50  50  50  50  50  50  50  50  50  50  45  50  50  50  42  43  50  50  50  50  50  50  50  50  50  50  45  50  50  37  48  50  50  50  45  58  34  48  50  50  50  50  50  50  45  56  34  50  50  50  47  33  50  50  50  42  28  50  45  50  53  17  50  50  50  50  50  50  50  50  32  33  18  32  30  
15  315  146  50  50  50  50  50  45  50  50  50  50  50  50  50  50  50  45  52  33  50  45  50  50  50  50  50  50  50  50  50  50  45  27  48  50  50  50  50  53  22  50  50  50  50  50  50  50  50  56  11  43  50  50  45  45  50  50  50  33  14  43  50  50  53  52  50  50  50  50  50  50  50  45  23  42  13  47  30  
9  197  199  50  50  50  50  50  50  50  50  50  45  50  50  50  50  50  50  37  53  50  50  50  50  50  50  50  50  50  45  50  50  50  37  48  50  50  45  50  58  14  48  50  45  50  50  50  50  50  56  9  50  50  50  38  37  50  45  50  50  40  50  45  50  53  42  50  50  50  50  50  50  50  45  60  35  52  48  25  
9  261  132  45  50  50  50  50  50  50  50  50  50  50  45  50  50  50  50  52  43  45  50  50  50  50  50  50  50  50  50  50  47  48  27  38  50  50  45  50  56  34  50  50  50  50  50  50  50  50  58  52  45  50  50  45  35  50  50  50  33  57  45  50  50  60  40  50  50  50  50  50  50  50  45  37  43  37  43  30  
12  0  155  210  50  50  45  50  50  50  50  50  50  50  50  50  50  45  50  36  34  50  50  50  50  50  50  50  50  50  50  45  50  50  35  40  50  50  50  45  56  14  50  50  50  50  50  50  50  50  58  47  55  50  50  38  37  50  50  50  33  32  45  50  50  51  19  50  50  50  50  50  50  50  45  23  37  27  43  25  
12  78  281  92  50  50  45  50  50  50  50  50  50  50  50  50  50  45  50  26  29  50  50  50  50  45  50  50  50  50  50  50  50  50  27  38  50  50  50  50  51  14  50  50  50  50  50  50  50  50  58  57  55  50  50  47  38  50  50  50  43  27  50  45  50  53  27  50  50  50  50  45  50  50  50  37  38  45  50  30  
12  92  333  50  50  50  50  50  50  50  50  50  50  45  50  50  50  50  50  27  48  45  50  50  50  50  50  50  50  50  50  45  50  50  18  47  50  50  50  50  53  22  50  50  50  50  50  45  50  50  53  1568  1500  1185  1410  1523  558  1947  2188  1762  1955  1685  1633  4505  2734  3638  1947  1108  1207  1274  2105  1289  1445  1629  1715  1377  1938  2494  2276  924  
9  207  171  50  50  50  50  50  50  50  50  50  50  45  50  50  50  50  50  52  63  50  50  50  50  50  50  50  50  50  45  50  50  50  18  47  50  45  50  50  61  24  45  50  50  50  50  50  50  50  51  49  50  45  50  38  22  50  50  50  33  27  45  50  50  51  49  50  50  50  45  50  50  50  50  37  53  30  50  30  
9  261  444  510  502  518  510  510  512  480  493  467  480  493  480  525  495  540  510  731  727  1470  2202  2235  840  1804  2014  1813  1941  2374  1483  2779  1584  3824  2117  4931  2358  2437  2052  1527  2757  1846  2188  1646  3126  2245  1033  1270  1571  2265  2357  381  2853  2422  1093  1288  1855  4841  3209  3857  3898  4398  4415  5404  3635  3171  3710  2524  2418  3576  3528  2203  2691  4223  2559  5224  3361  1707  4747  1274  
9  261  142  50  50  50  45  50  50  50  50  50  50  50  50  50  50  45  50  26  39  50  45  50  50  50  50  50  50  50  50  50  50  45  40  50  50  50  50  50  82  1700  1714  1335  1215  1550  1821  1644  1305  1334  1706  513  1830  2978  2610  2121  1181  1279  1895  2465  1787  2227  992  2312  1520  2294  844  1556  2811  4410  3587  5896  3130  4477  3080  2720  1562  4571  3934  2311  
9  286  122  50  50  50  50  45  50  50  50  50  50  50  50  50  50  45  50  33  47  50  45  50  50  50  50  50  50  50  50  50  50  45  35  50  50  45  50  50  65  12  43  50  50  50  50  50  50  50  56  31  38  50  50  38  37  50  50  50  33  22  50  45  50  48  32  50  50  50  50  50  50  45  45  57  43  45  45  30  
43  310  60  50  50  45  50  50  50  50  50  50  50  50  50  50  45  50  50  62  38  50  50  50  50  50  50  50  50  50  45  50  50  50  32  38  50  50  50  50  51  46  48  50  50  50  45  50  50  50  56  46  43  50  50  38  32  50  50  45  51  34  45  50  50  55  45  50  50  50  50  45  50  50  50  65  35  40  40  30  
12  74  110  282  46  50  50  50  50  50  50  50  50  50  45  50  50  50  50  23  47  50  50  50  50  50  50  50  50  50  45  50  50  50  25  50  50  50  50  50  53  27  45  50  50  50  50  50  50  50  58  27  55  50  50  38  32  50  45  50  33  17  50  50  50  48  27  50  50  50  50  50  50  50  45  28  37  11  44  30  
9  21  229  165  50  50  50  50  45  50  50  50  50  50  50  50  50  50  50  26  39  50  45  50  50  50  50  50  50  50  50  50  45  50  18  47  50  50  50  50  53  27  45  50  50  50  50  50  50  50  56  29  40  50  45  52  33  50  50  45  48  4  48  50  50  55  35  50  50  50  50  50  50  45  50  23  27  32  53  30  
15  141  100  293  50  50  50  50  50  50  50  50  50  50  45  50  50  50  50  27  53  45  50  50  50  50  50  50  50  50  50  45  50  50  40  40  50  50  50  50  53  29  48  45  50  50  50  50  50  50  56  9  45  50  50  50  50  45  50  50  33  22  50  50  45  53  37  50  50  50  50  50  50  45  50  37  48  47  43  30  
9  67  327  51  50  50  45  50  50  50  50  50  50  50  50  50  50  45  50  45  45  50  50  50  50  50  50  50  50  50  45  50  50  50  40  40  50  50  50  50  53  47  50  50  50  50  50  45  50  50  56  16  58  50  50  45  30  50  45  50  47  38  50  45  50  51  29  50  50  50  50  50  50  45  50  35  45  27  38  30  
9  105  230  146  50  50  50  45  50  50  50  50  50  50  50  50  50  50  45  80  50  45  50  50  50  50  50  50  50  50  50  50  45  50  27  43  50  50  50  50  51  9  50  45  50  50  50  50  50  50  58  12  50  50  50  38  42  50  50  50  42  28  50  50  45  48  27  50  50  50  50  50  50  47  48  26  34  45  45  25  
9  137  182  166  50  50  50  45  50  50  50  50  50  50  50  50  50  45  50  36  54  50  50  50  50  50  50  50  50  50  45  50  50  50  40  45  50  50  50  50  53  47  50  47  48  50  50  50  50  50  56  44  50  50  50  38  52  50  50  50  33  22  50  50  50  56  34  50  50  50  50  50  50  50  45  23  52  32  43  30  
15  127  230  146  45  50  50  50  50  50  50  50  50  50  45  50  50  50  50  42  43  50  45  50  50  50  50  50  50  50  50  50  45  50  25  45  50  50  50  50  51  21  43  50  50  50  50  50  50  50  56  11  58  50  50  47  38  50  50  50  51  24  45  50  50  48  47  50  50  50  50  50  50  45  50  42  53  32  48  30  
15  231  210  50  50  50  50  50  50  50  45  50  50  50  50  50  50  50  50  47  38  45  50  50  50  50  50  50  50  50  50  50  45  50  37  43  50  50  50  45  56  14  50  50  50  50  50  50  50  45  56  14  50  50  50  38  47  50  50  50  38  32  50  50  50  48  32  50  50  50  50  45  50  50  50  55  40  13  42  25  
9  6  160  197  50  50  50  50  50  50  50  50  45  50  50  50  50  50  50  37  43  50  50  50  50  50  50  50  50  50  45  50  50  50  18  47  50  50  45  50  56  29  50  50  50  45  50  50  50  50  56  24  55  50  50  55  35  50  50  50  33  34  48  50  50  51  34  50  50  50  50  50  50  50  50  45  50  27  38  25  
9  109  182  161  50  45  50  50  50  50  50  50  50  50  50  50  45  50  50  45  55  50  45  50  50  50  50  50  50  50  50  50  50  45  27  38  50  50  50  50  51  9  50  50  50  50  50  50  50  50  56  9  50  45  50  50  35  50  50  50  43  22  45  50  50  48  37  50  50  50  50  50  50  50  45  50  55  42  43  30  
9  77  254  127  50  50  50  50  45  50  50  50  50  50  50  50  50  50  50  52  48  50  45  50  50  50  50  50  50  50  50  50  45  50  32  43  50  50  50  50  53  14  48  50  50  50  50  50  50  45  56  46  43  50  50  38  37  45  50  50  38  17  50  50  50  77  1959  1487  1536  2207  1910  1597  1440  1296  1344  787  89  722  1995  858  
9  222  202  50  45  50  50  50  50  50  50  50  50  50  50  45  50  50  50  37  33  50  45  50  50  50  50  50  50  50  50  50  50  45  35  40  50  50  50  50  51  11  43  45  50  50  50  50  50  50  56  16  48  50  50  47  38  50  50  50  33  34  48  50  50  51  19  50  50  50  50  50  50  50  47  40  33  35  45  30  
15  299  166  50  50  50  50  50  50  50  50  50  45  50  50  50  50  50  50  27  38  50  50  50  50  50  50  50  50  50  45  50  50  50  35  45  50  50  50  50  51  29  50  50  50  45  50  50  50  50  56  24  45  50  50  45  40  50  50  50  53  17  50  50  50  56  14  50  50  50  45  50  50  50  50  47  43  40  40  30  
12  218  166  50  50  45  50  50  50  50  50  50  50  50  50  45  50  50  50  23  57  50  45  50  50  50  50  50  50  50  50  50  47  48  45  45  50  50  50  50  53  52  45  50  50  50  50  50  50  50  56  44  45  50  50  47  28  50  50  50  33  42  50  45  50  51  24  50  50  50  50  50  50  50  45  37  38  45  50  30  
9  133  239  50  50  50  50  50  50  50  50  45  50  50  50  50  50  50  50  23  47  50  50  50  50  50  50  50  45  50  50  50  50  50  35  45  50  50  50  50  51  14  50  50  45  50  50  50  50  50  56  2  57  50  50  38  42  45  50  50  45  25  50  50  50  55  35  50  50  50  50  50  50  50  45  70  40  55  45  25  
20  212  146  50  45  50  50  50  50  50  50  50  50  50  50  45  50  50  50  28  52  50  50  50  50  50  50  50  45  50  50  50  50  50  32  48  50  50  50  45  58  27  50  50  45  50  50  50  50  50  42  18  45  50  50  47  38  50  50  50  33  39  48  50  50  48  22  50  50  50  50  50  50  50  45  62  53  42  38  30  
9  214  164  50  50  50  50  50  50  50  50  45  50  50  50  50  50  50  50  26  39  50  45  50  50  50  50  50  50  50  50  50  50  45  40  45  50  50  50  50  53  52  50  50  50  45  50  50  50  50  56  0  44  50  50  38  32  50  50  50  33  22  50  45  50  48  32  50  50  50  50  50  45  50  50  32  43  22  48  30  
9  352  61  47  48  50  50  50  50  50  50  50  50  50  45  50  50  50  50  26  49  50  50  50  50  50  50  50  50  45  50  50  50  50  30  40  50  50  50  50  51  34  50  50  45  50  50  50  50  50  56  81  48  50  50  45  30  50  50  45  51  9  50  50  50  51  54  50  50  50  50  50  50  50  45  28  37  22  38  30  
9  331  105  50  50  50  50  50  50  50  45  50  50  50  50  50  50  50  50  28  52  50  50  50  50  50  50  50  50  45  50  50  50  50  32  48  50  50  45  50  56  36  48  50  50  50  45  50  50  50  56  16  48  50  50  47  33  50  50  50  33  27  50  50  50  47  48  50  50  50  50  50  50  45  50  52  43  40  45  30  
20  333  60  50  50  50  50  50  45  50  50  50  50  50  50  50  50  50  45  80  60  50  45  50  50  50  50  50  50  50  50  50  50  45  30  50  50  50  50  50  53  32  50  45  50  50  50  50  50  50  56  24  50  50  50  50  30  50  50  50  33  17  50  50  50  48  32  50  50  50  50  50  50  45  50  42  53  22  48  30  
12  46  258  141  50  50  50  50  50  50  50  45  50  50  50  50  50  50  50  42  38  45  50  50  50  50  50  50  50  50  50  50  50  45  37  48  50  50  50  50  53  37  50  50  50  50  50  50  45  50  56  24  50  50  50  47  33  50  50  50  51  19  50  45  50  48  27  50  50  50  50  50  50  50  45  50  40  32  53  25  
9  35  244  146  50  50  50  50  45  50  50  50  50  50  50  50  50  50  50  47  43  50  45  50  50  50  50  50  50  50  50  50  47  48  37  48  50  50  50  45  56  14  50  50  50  45  50  50  50  50  56  19  45  50  50  47  33  50  50  50  43  17  45  50  50  51  39  50  50  50  50  50  45  50  50  23  47  50  45  25  
12  32  228  166  50  50  50  50  50  50  50  50  50  45  50  50  50  50  50  37  23  50  50  50  50  50  50  50  50  50  50  45  50  50  37  43  50  50  50  50  51  2  52  50  50  50  50  50  50  50  56  21  33  50  50  38  27  50  50  50  38  37  50  50  50  53  37  50  50  50  50  50  50  45  50  28  37  45  35  25  
20  22  310  51  45  50  50  50  50  50  50  50  50  50  50  45  50  50  50  37  53  50  50  50  50  50  50  50  45  50  50  50  50  50  40  45  50  50  50  50  51  19  45  50  50  50  50  50  45  50  47  35  53  50  50  38  22  50  50  50  42  28  50  45  50  51  19  50  50  50  50  50  50  50  50  32  43  35  40  25  
9  109  327  51  50  50  45  50  50  50  50  50  50  50  50  50  50  45  50  31  34  50  45  50  50  50  50  50  50  50  50  50  50  45  30  45  50  50  50  50  51  16  43  50  50  50  50  50  50  50  56  0  49  50  50  47  33  50  50  50  38  32  50  50  50  51  14  50  45  50  50  50  50  50  50  23  42  37  53  30  
12  64  236  127  50  50  50  50  50  50  50  50  50  45  50  50  50  50  50  28  42  50  50  50  50  50  50  50  50  45  50  50  50  50  25  50  50  50  45  50  56  11  43  50  50  50  50  50  50  50  56  11  48  50  50  38  47  50  50  45  33  37  45  50  50  48  27  50  50  50  50  50  50  50  45  42  48  32  48  30  
12  78  236  127  50  45  50  50  50  50  50  50  50  50  50  50  45  50  50  50  45  50  50  50  50  50  50  50  50  50  45  50  50  50  40  45  50  50  50  50  51  21  48  45  50  50  50  50  50  50  56  19  45  50  50  47  33  50  50  50  43  17  50  50  50  56  54  50  50  50  50  50  50  50  45  35  40  13  42  30  
20  157  186  50  50  50  50  50  50  50  50  45  50  50  50  50  50  50  50  28  67  50  50  50  50  50  50  50  47  48  50  50  50  50  30  40  50  50  50  50  53  27  45  50  50  50  50  50  50  50  56  9  45  50  50  52  38  50  50  50  42  28  50  50  50  43  37  50  50  50  50  50  50  50  45  37  53  32  48  25  
20  182  166  50  50  50  50  50  50  50  47  48  50  50  50  50  50  50  50  50  55  50  50  50  50  50  50  50  45  50  50  50  50  50  45  45  50  50  50  50  51  19  45  50  50  50  45  50  50  50  56  34  45  50  50  45  40  50  45  50  47  25  48  50  50  48  47  50  50  50  50  50  50  45  50  28  37  37  48  25  
20  0  281  87  50  50  50  50  50  50  50  50  50  50  45  50  50  50  50  37  38  50  50  50  50  50  50  50  45  50  50  50  50  50  18  52  50  50  47  48  56  24  50  50  50  50  50  45  50  50  56  19  50  50  50  38  32  50  50  50  33  47  50  50  50  51  24  50  50  50  50  50  50  50  45  31  39  18  47  30  
20  0  256  112  50  50  50  50  50  50  50  45  50  50  50  50  50  50  50  52  38  50  45  50  50  50  50  50  50  50  50  50  50  45  27  48  50  50  45  50  58  47  50  45  50  50  50  50  50  50  56  36  43  50  50  38  37  50  50  50  47  23  50  50  50  53  17  50  50  50  50  50  50  45  50  21  44  47  48  30  
82  191  440  249  224  326  399  449  660  1325  1490  1097  745  1317  1307  1970  1173  481  327  2540  1926  2342  3828  1343  1078  1221  1224  1110  1408  2376  2915  929  1323  1407  1379  1375  1646  1264  1142  996  1300  1407  1231  1234  1339  1596  2545  1788  2127  3396  3481  4031  1590  5534  5117  3440  3672  3900  2998  2961  1936  1238  1403  1384  2178  2749  3183  3291  3363  1188  2889  4047  3102  3538  4566  2590  1401  2455  1237  726  
