P   15   47.4125    0.5
P   24   48.5875    0.5
P   61   48.7875    0.5
P   33   48.925    0.5
P   5   48.9625    0.5
P   54   49.1    0.5
P   55   49.1    0.5
P   48   49.275    0.5
P   40   49.275    0.5
P   7   49.2875    0.5
P   12   49.475    0.5
P   32   49.4875    0.5
P   57   49.4875    0.5
P   9   49.525    0.5
P   20   49.525    0.5
P   62   49.6    0.5
P   56   49.7    0.5
P   19   49.7125    0.5
P   43   49.725    0.5
P   3   49.7875    0.5
P   59   49.7875    0.5
P   14   49.7875    0.5
P   53   49.8    0.5
P   47   49.975    0.5
P   58   50.1    0.5
P   46   50.1375    0.5
P   60   50.1625    0.5
P   30   50.2125    0.5
P   41   50.2625    0.5
P   25   50.35    0.5
P   35   50.425    0.5
P   36   50.4375    0.5
P   21   50.45    0.5
P   27   50.4625    0.5
P   52   50.4625    0.5
P   39   50.5125    0.5
P   11   50.6    0.5
P   6   50.625    0.5
P   16   50.625    0.5
P   49   50.65    0.5
P   45   50.7    0.5
P   22   50.75    0.5
P   51   50.9125    0.5
P   13   50.9125    0.5
P   23   51.025    0.5
P   44   51.0625    0.5
P   50   51.0625    0.5
P   38   51.1625    0.5
P   31   51.2875    0.5
P   37   51.3625    0.5
P   34   51.425    0.5
P   17   51.9375    0.5
P   0   52.8125    0.5
P   8   72.5375    0.5
P   4   113.875    0.5
P   42   283.262    0.5
P   26   690.675    0.5
P   18   830.25    0.5
P   29   1131.2    0.5
P   1   1477.56    0.5
P   10   1550.71    0.5
P   63   1902.19    0.5
P   28   2059.39    0.5
P   2   2688.44    0.5
