P 31   -240.62    0.5
P 51   -215.119    0.5
P 49   -105.427    0.5
P 34   -88.2369    0.5
P 17   -41.9716    0.5
P 32   -31.7443    0.5
P 0   4.49179    0.5
P 16   61.4683    0.5
P 50   147.94    0.5
P 44   190.375    0.5
P 30   194.06    0.5
P 21   207.98    0.5
P 6   233.122    0.5
P 45   245.308    0.5
P 37   257.939    0.5
P 23   259.506    0.5
P 14   285.086    0.5
P 24   289.338    0.5
P 60   323.709    0.5
P 47   347.366    0.5
P 48   352.876    0.5
P 13   358.232    0.5
P 36   404.253    0.5
P 27   407.059    0.5
P 39   413.802    0.5
P 15   449.628    0.5
P 43   498.027    0.5
P 11   583.063    0.5
P 62   593.784    0.5
P 41   595.875    0.5
P 59   608.349    0.5
P 40   626.837    0.5
P 7   640.519    0.5
P 20   652.57    0.5
P 54   666.264    0.5
P 52   673.16    0.5
P 38   678.855    0.5
P 55   682.011    0.5
P 22   691.234    0.5
P 53   704.634    0.5
P 33   712.537    0.5
P 19   714.016    0.5
P 35   718.225    0.5
P 5   735.966    0.5
P 58   747.449    0.5
P 57   782.384    0.5
P 61   789.198    0.5
P 1   805.737    0.5
P 56   809.935    0.5
P 8   812.102    0.5
P 12   830.887    0.5
P 25   832.254    0.5
P 9   890.315    0.5
P 3   909.643    0.5
P 46   1010.9    0.5
P 4   1044.87    0.5
P 18   4213.8    0.5
P 42   5021.19    0.5
P 63   5312.17    0.5
P 28   5398.85    0.5
P 26   5593.98    0.5
P 10   5989.44    0.5
P 2   6541.2    0.5
P 29   6666.21    0.5
