170  658  22  11  11  22  11  66  22  0  124  963  22  0  35  0  125  243  253  410  33  11  0  57  676  257  11  44  33  11  116  1182  55  55  24  284  0  519  160  144  160  160  281  59  1830  4701  
38  790  77  44  22  11  193  916  0  22  12  12  113  345  191  22  33  13  128  927  22  66  11  0  0  11  11  43  265  235  622  11  33  0  0  66  24  284  519  160  160  144  314  26  3117  4453  
176  652  44  22  55  11  83  926  22  12  12  0  125  12  490  11  22  11  33  87  54  938  55  11  22  46  24  260  974  11  0  11  11  22  55  24  328  427  160  153  151  160  309  968  4977  4100  
232  580  55  11  55  44  124  974  34  0  23  114  0  524  33  22  13  128  805  55  22  0  57  33  2  0  260  79  884  11  11  22  55  0  0  22  308  666  250  160  160  160  339  4450  4920  4100  
17  876  110  11  193  905  11  11  11  24  290  337  22  22  11  11  98  848  11  0  33  22  11  0  68  35  377  857  0  33  33  92  260  44  299  240  144  160  160  160  160  160  314  57  2400  4510  
34  870  192  466  561  11  0  11  24  125  513  33  11  163  938  44  0  55  35  22  2  260  44  655  264  22  33  44  11  0  24  0  11  22  0  733  144  160  160  160  160  160  355  1799  5111  4397  
82  826  121  44  296  780  11  0  0  68  627  11  33  163  0  805  22  11  55  22  56  307  73  846  33  22  22  57  295  44  0  395  160  160  160  144  160  160  160  160  160  144  340  1611  5162  4678  
22  790  33  22  0  66  11  109  1011  22  23  137  502  55  109  0  992  0  11  22  11  11  44  11  24  22  2  6  298  797  11  22  22  44  46  328  656  160  160  160  160  160  339  3220  4100  3690  
17  609  310  22  11  0  66  0  11  262  847  0  0  57  627  0  22  11  11  11  120  32  805  22  0  33  0  44  0  11  24  33  262  331  637  22  11  33  101  306  337  160  314  57  3220  4319  
66  606  274  0  11  11  22  66  33  1052  103  114  239  449  32  805  11  77  11  11  127  236  919  0  11  44  66  0  24  22  8  635  160  160  160  144  160  160  160  160  160  144  202  184  4654  4100  
82  756  168  11  55  157  974  11  0  23  125  536  22  33  87  54  794  33  22  11  55  24  33  298  373  621  11  11  44  57  33  0  283  58  412  160  160  160  160  144  160  160  186  328  4510  3887  
22  510  346  66  22  193  916  22  24  412  226  0  0  0  0  33  11  11  24  11  0  117  805  33  11  66  35  22  283  0  15  1003  11  55  101  283  475  243  167  156  276  160  339  2209  4510  3881  
22  790  121  33  135  0  0  974  0  11  447  248  33  152  916  11  0  22  11  22  79  0  162  213  706  235  0  66  22  54  756  160  160  160  160  144  160  160  160  160  160  144  371  1799  4701  4100  
22  790  33  33  11  0  77  162  969  12  639  22  0  11  22  22  13  84  44  805  33  44  0  11  33  0  43  301  0  44  919  11  0  11  11  22  66  48  339  492  160  160  121  234  1580  4100  
22  210  701  22  22  50  141  918  11  24  125  0  502  11  0  22  102  999  0  11  33  55  76  286  59  919  22  66  0  0  22  53  302  503  160  160  160  157  147  160  160  160  308  1201  4729  4100  
68  624  121  124  6  957  11  22  24  125  221  281  33  44  141  816  11  11  22  0  22  0  44  24  0  22  283  59  0  0  919  11  11  55  22  11  343  631  171  216  252  161  354  4187  3938  3499  
11  338  576  44  66  11  258  851  11  0  11  12  137  524  22  22  98  54  805  11  11  33  11  55  24  24  333  845  11  0  33  0  0  79  11  24  0  0  767  160  144  160  273  98  2549  4169  
11  253  580  44  11  0  0  22  88  182  938  149  513  22  22  11  232  847  33  11  22  55  24  84  221  15  0  0  44  0  0  919  0  0  11  33  55  35  33  298  519  144  202  169  1799  3690  
11  237  602  33  0  22  55  22  11  124  963  11  11  11  12  12  11  114  502  22  22  11  22  87  848  4  29  66  11  35  32  0  284  15  974  11  55  22  11  340  534  160  298  216  4510  3690  
50  596  339  44  11  0  33  124  974  11  11  12  12  125  0  513  22  33  11  109  32  916  11  11  11  22  22  55  24  24  296  44  919  22  0  11  0  22  90  24  340  518  355  3630  4430  3770  
34  284  681  22  0  22  22  66  11  1098  33  0  35  279  348  55  0  0  11  13  0  11  117  927  88  76  301  861  11  11  11  22  22  44  13  11  22  631  160  160  160  160  144  243  1580  3690  
98  268  670  22  11  11  11  22  66  22  124  9  965  11  11  12  137  513  0  0  33  57  10  0  0  528  495  11  22  33  55  24  0  11  0  256  49  15  974  22  44  813  135  234  1799  3788  
11  141  708  11  11  77  0  22  68  12  103  970  11  24  11  16  98  0  502  33  0  22  11  152  572  255  44  22  0  11  64  1276  22  33  11  0  57  33  283  332  144  160  293  428  4920  3909  
11  176  674  33  11  55  33  157  941  22  24  125  513  22  57  11  0  416  495  0  44  77  340  59  952  22  0  0  22  44  0  13  33  0  283  15  567  184  170  170  153  180  400  1273  4028  3499  
14  313  657  22  11  44  33  124  996  23  12  409  251  22  0  22  87  859  0  22  22  22  101  298  963  22  55  11  11  11  53  6  296  471  160  160  157  147  160  160  160  160  298  57  2404  3686  
14  313  619  33  66  22  11  135  985  46  0  160  478  11  44  141  169  747  11  11  0  44  11  79  22  283  0  541  437  55  22  57  0  0  11  24  732  147  160  160  160  160  324  31  3220  3499  
11  300  597  44  11  11  11  66  11  135  0  0  919  66  11  0  12  12  125  513  33  0  57  0  76  9  32  927  33  11  11  66  46  62  236  44  930  0  88  11  355  551  324  1201  4100  3699  
11  237  580  44  77  0  11  0  22  135  0  963  0  11  22  12  12  0  133  494  22  22  22  0  98  54  805  33  44  0  11  33  205  495  607  11  88  0  35  11  854  255  339  2619  4510  3471  
11  444  384  33  11  0  0  0  11  55  22  11  1052  11  11  12  12  11  156  0  517  22  11  57  74  0  870  22  11  77  13  33  2  296  44  934  0  0  22  33  79  786  355  2400  4378  3412  
50  312  579  22  22  44  0  11  33  116  8  963  11  22  35  0  0  616  33  11  22  11  141  805  33  0  11  66  0  35  305  0  0  15  44  919  11  22  33  101  697  184  339  1990  4319  3415  
11  237  602  0  11  11  22  11  44  22  22  139  0  571  377  11  22  24  11  0  114  513  11  0  0  0  22  33  935  11  11  55  44  24  63  312  812  33  0  44  90  631  339  3439  4375  3196  
22  790  22  0  22  11  11  0  0  11  55  33  124  896  89  0  23  0  0  23  114  502  11  11  0  68  128  307  520  44  44  24  316  59  924  88  79  283  15  509  239  209  790  4320  4296  3919  
17  161  454  388  33  0  11  44  33  11  46  126  948  11  34  650  0  22  11  67  66  9  32  794  22  0  22  0  66  55  296  15  0  44  919  0  44  11  90  320  487  160  314  626  4701  4319  
17  145  262  580  22  11  0  55  11  33  46  34  1040  11  11  35  11  0  114  0  513  22  22  22  141  794  0  22  44  55  24  35  57  224  872  55  44  355  503  160  160  160  112  243  2400  4100  
11  103  262  591  33  44  11  33  57  37  1026  0  22  8  27  0  11  616  11  0  11  11  0  22  11  0  98  54  916  11  11  0  44  11  0  79  22  0  0  2  106  1838  542  3439  4510  4100  
11  71  246  591  11  66  22  22  57  158  905  45  137  502  33  44  13  128  816  22  33  55  0  13  95  236  0  44  802  22  22  0  11  0  11  11  68  22  2  740  298  170  434  3849  4510  4100  
66  160  262  591  0  22  55  0  0  44  46  11  115  1376  261  22  0  11  33  0  87  848  33  0  0  0  33  55  11  13  11  24  281  15  963  33  33  11  90  283  486  160  314  57  2209  4255  
11  119  837  33  44  22  0  68  11  12  0  103  0  1510  11  0  0  55  11  0  24  0  90  843  22  22  0  0  66  24  305  357  621  11  11  99  288  559  160  160  144  160  355  0  3598  4132  
11  135  858  0  11  0  33  44  0  11  0  79  23  103  0  0  948  22  23  12  11  318  320  22  22  152  0  916  33  11  33  55  24  305  15  0  44  808  66  33  355  535  324  31  3439  4401  
11  39  837  22  55  0  44  57  1017  11  25  397  308  44  22  267  679  44  11  55  0  11  46  2  281  59  919  44  33  0  22  46  24  0  281  384  266  170  170  170  209  241  339  0  3439  3690  
11  55  469  373  22  22  66  68  0  0  11  0  43  976  0  77  12  12  0  11  265  351  22  11  22  22  201  878  11  0  22  11  66  13  103  213  59  919  44  22  101  769  371  1990  4729  4283  
11  23  246  580  11  0  11  0  66  0  44  57  12  143  874  11  0  15  47  23  0  265  373  11  33  318  639  22  66  11  11  59  281  15  44  970  11  11  11  77  24  807  339  0  3849  3881  
11  39  246  580  0  0  22  11  0  11  55  11  79  115  89  859  11  0  0  22  24  627  0  22  11  0  44  141  794  22  22  0  55  22  54  0  385  912  33  103  799  160  355  0  4040  3690  
11  135  826  33  11  88  0  46  11  12  115  892  66  11  35  114  333  213  33  24  13  164  734  22  33  55  11  24  33  283  15  0  312  662  0  0  11  0  11  22  79  855  435  4259  4423  3968  
11  71  262  591  0  11  11  11  44  33  57  11  0  0  1063  11  11  23  12  11  114  0  0  513  22  57  1044  11  11  0  33  11  79  11  24  281  15  357  688  22  68  631  370  4654  4701  3909  
11  23  826  22  22  55  11  11  11  57  115  959  11  35  627  11  0  44  109  54  0  0  794  0  22  11  0  0  33  55  11  24  305  59  924  44  11  66  24  22  418  447  354  4552  4686  3821  
11  3  814  11  77  0  22  22  57  204  870  22  35  398  240  11  11  11  11  11  87  54  794  11  0  0  11  22  88  0  46  0  2  296  44  0  919  22  22  66  355  487  324  31  3029  4104  
22  0  210  602  0  22  55  0  33  57  101  14  852  107  11  23  23  114  278  268  142  755  226  11  0  11  66  0  24  33  298  841  33  44  44  13  11  632  402  170  153  225  459  3630  4100  3690  
11  6  822  22  11  55  0  11  0  11  11  57  0  115  948  11  11  0  23  137  252  283  11  67  107  794  44  55  78  299  220  765  55  11  76  345  475  160  160  160  160  160  298  482  4654  3881  
11  3  814  0  11  33  55  22  11  57  115  948  33  35  616  0  44  0  11  35  669  286  22  11  11  68  11  22  2  0  281  59  919  66  55  38  349  0  508  160  160  160  339  15  4244  3690  
11  165  663  44  22  55  22  11  991  63  78  137  239  263  33  33  24  128  0  838  22  0  22  57  11  24  281  0  0  1000  33  11  11  0  68  22  2  339  342  198  160  160  339  2810  4510  3909  
22  139  651  0  11  22  0  33  55  22  11  11  124  909  76  11  149  0  513  22  22  46  117  0  0  215  701  11  33  11  11  11  55  24  22  2  289  482  554  22  81  809  1100  4920  4510  3690  
11  3  307  550  33  55  11  0  11  57  11  12  171  1564  11  33  67  75  837  22  0  0  11  11  11  55  24  35  296  1007  11  55  0  11  13  35  281  59  507  160  144  160  355  0  4244  3896  
11  20  329  527  33  66  74  114  908  0  0  2  9  24  68  627  22  11  0  22  53  110  0  938  11  11  0  88  24  22  81  261  817  33  44  11  11  65  286  412  144  160  339  2619  4833  3777  
11  6  630  262  55  11  11  11  0  11  46  11  89  930  89  23  114  513  66  141  0  916  0  11  11  55  11  11  11  46  22  2  296  44  29  912  11  11  22  79  305  534  324  1010  4863  3747  
22  0  577  235  11  66  11  22  57  12  103  925  12  68  125  524  22  11  22  141  0  927  11  44  66  46  2  0  281  978  22  11  11  11  11  44  35  305  59  590  153  242  1066  4543  4324  3685  
11  0  237  591  77  0  11  89  10  886  35  79  363  253  44  11  22  0  0  0  24  29  88  794  33  11  0  44  11  11  65  286  59  930  33  33  57  35  296  519  160  160  355  3220  4683  3736  
11  0  237  591  0  11  22  66  11  57  0  94  32  651  253  66  23  23  114  502  0  33  68  0  85  0  32  916  22  11  11  0  0  22  66  0  24  315  979  33  66  672  339  2810  4382  3605  
11  3  264  550  33  88  57  23  171  891  22  0  35  114  169  344  22  68  155  756  33  55  22  11  54  237  108  808  0  22  0  0  44  11  33  43  301  0  413  160  160  160  339  0  3439  3450  
46  108  669  22  0  0  33  66  33  61  63  134  862  0  24  125  513  11  11  48  1053  22  11  66  11  11  54  286  10  809  170  11  33  55  11  13  11  22  2  853  171  271  909  5111  4551  3865  
22  0  549  241  33  55  11  11  11  11  46  11  43  643  388  11  11  24  11  114  502  0  22  0  44  120  32  816  11  33  0  66  13  11  298  22  963  22  33  79  680  160  1113  5316  4729  3463  
22  0  218  572  11  0  11  0  22  44  11  0  11  11  57  22  259  804  11  46  114  0  502  22  0  0  11  11  0  11  109  54  816  33  66  0  11  45  284  249  662  865  339  4321  4639  3513  
46  0  777  11  11  77  22  46  103  23  913  35  167  517  0  22  22  33  87  54  938  44  66  46  2  296  841  11  0  0  0  55  68  11  22  342  166  357  160  144  160  160  895  5534  4920  3093  
34  0  641  33  22  22  66  11  11  0  207  913  24  11  185  453  44  11  310  769  0  22  22  11  44  24  11  22  0  298  356  629  22  33  90  0  283  327  226  167  204  234  668  3907  4074  3499  
