0   16961.7
1   18788
2   20082.4
3   19710
4   18001.8
5   20604.9
6   20563
7   19866.2
8   19094.9
9   19452.5
10   19570.5
11   20465.2
12   20452.1
13   16833
14   20255.7
15   19098.3
16   18425.8
17   17560.1
18   19412.5
19   19927.5
20   16978.4
21   17573.4
22   19644
23   20295.4
24   18166.4
25   19035.5
26   20297
27   20291.6
28   20169.1
29   20293.4
30   19867.2
31   19573.8
32   20016.2
33   18354.9
34   19797.7
35   20009
36   17641.4
37   18892
38   19065.4
39   18989.2
40   20677.2
41   19160.9
42   19077.8
43   19723.8
44   19390.3
45   19473.8
46   18898.1
47   19865.4
48   19840.7
49   19193.9
50   20421.3
51   19105.7
52   18844.7
53   20388.1
54   20154.8
55   19111.7
56   20176.2
57   20327.7
58   19059
59   18884.8
60   18649.2
61   19445.9
62   18204
63   19607.4
