0   305.022
1   315.348
2   370.804
3   452.109
4   314.087
5   409.543
6   423.609
7   400.891
8   307.13
9   365.065
10   353.957
11   393.587
12   411.739
13   272.913
14   388.935
15   410.804
16   297.304
17   268.283
18   327.674
19   404.978
20   271.522
21   269.37
22   345.283
23   354.435
24   303.739
25   308.587
26   342.543
27   378.435
28   362.935
29   356.652
30   375.109
31   433.717
32   358.239
33   295.152
34   407.413
35   422.783
36   290.87
37   323.87
38   317.087
39   321.543
40   385.348
41   310.913
42   314.696
43   422.457
44   431.957
45   428.196
46   296.848
47   408.804
48   354.652
49   326.065
50   394.587
51   446.065
52   330.913
53   391.674
54   354.63
55   444.196
56   399.804
57   375.109
58   297.37
59   461.326
60   452.043
61   408.891
62   462.978
63   411.739
