P 13   16833    0.5
P 0   16961.7    0.5
P 20   16978.4    0.5
P 17   17560.1    0.5
P 21   17573.4    0.5
P 36   17641.4    0.5
P 4   18001.8    0.5
P 24   18166.4    0.5
P 62   18204    0.5
P 33   18354.9    0.5
P 16   18425.8    0.5
P 60   18649.2    0.5
P 1   18788    0.5
P 52   18844.7    0.5
P 59   18884.8    0.5
P 37   18892    0.5
P 46   18898.1    0.5
P 39   18989.2    0.5
P 25   19035.5    0.5
P 58   19059    0.5
P 38   19065.4    0.5
P 42   19077.8    0.5
P 8   19094.9    0.5
P 15   19098.3    0.5
P 51   19105.7    0.5
P 55   19111.7    0.5
P 41   19160.9    0.5
P 49   19193.9    0.5
P 44   19390.3    0.5
P 18   19412.5    0.5
P 61   19445.9    0.5
P 9   19452.5    0.5
P 45   19473.8    0.5
P 10   19570.5    0.5
P 31   19573.8    0.5
P 63   19607.4    0.5
P 22   19644    0.5
P 3   19710    0.5
P 43   19723.8    0.5
P 34   19797.7    0.5
P 48   19840.7    0.5
P 47   19865.4    0.5
P 7   19866.2    0.5
P 30   19867.2    0.5
P 19   19927.5    0.5
P 35   20009    0.5
P 32   20016.2    0.5
P 2   20082.4    0.5
P 54   20154.8    0.5
P 28   20169.1    0.5
P 56   20176.2    0.5
P 14   20255.7    0.5
P 27   20291.6    0.5
P 29   20293.4    0.5
P 23   20295.4    0.5
P 26   20297    0.5
P 57   20327.7    0.5
P 53   20388.1    0.5
P 50   20421.3    0.5
P 12   20452.1    0.5
P 11   20465.2    0.5
P 6   20563    0.5
P 5   20604.9    0.5
P 40   20677.2    0.5
