P   17   268.283    0.5
P   21   269.37    0.5
P   20   271.522    0.5
P   13   272.913    0.5
P   36   290.87    0.5
P   33   295.152    0.5
P   46   296.848    0.5
P   16   297.304    0.5
P   58   297.37    0.5
P   24   303.739    0.5
P   0   305.022    0.5
P   8   307.13    0.5
P   25   308.587    0.5
P   41   310.913    0.5
P   4   314.087    0.5
P   42   314.696    0.5
P   1   315.348    0.5
P   38   317.087    0.5
P   39   321.543    0.5
P   37   323.87    0.5
P   49   326.065    0.5
P   18   327.674    0.5
P   52   330.913    0.5
P   26   342.543    0.5
P   22   345.283    0.5
P   10   353.957    0.5
P   23   354.435    0.5
P   54   354.63    0.5
P   48   354.652    0.5
P   29   356.652    0.5
P   32   358.239    0.5
P   28   362.935    0.5
P   9   365.065    0.5
P   2   370.804    0.5
P   30   375.109    0.5
P   57   375.109    0.5
P   27   378.435    0.5
P   40   385.348    0.5
P   14   388.935    0.5
P   53   391.674    0.5
P   11   393.587    0.5
P   50   394.587    0.5
P   56   399.804    0.5
P   7   400.891    0.5
P   19   404.978    0.5
P   34   407.413    0.5
P   47   408.804    0.5
P   61   408.891    0.5
P   5   409.543    0.5
P   15   410.804    0.5
P   63   411.739    0.5
P   12   411.739    0.5
P   43   422.457    0.5
P   35   422.783    0.5
P   6   423.609    0.5
P   45   428.196    0.5
P   44   431.957    0.5
P   31   433.717    0.5
P   55   444.196    0.5
P   51   446.065    0.5
P   60   452.043    0.5
P   3   452.109    0.5
P   59   461.326    0.5
P   62   462.978    0.5
