0   -4571.47
1   2664.74
2   4834.41
3   2183.61
4   3304.6
5   4502.68
6   4497.82
7   2284.58
8   4413
9   4132.26
10   3725.92
11   2599.81
12   4193.8
13   4193.8
14   3244.01
15   2636.02
16   3314.04
17   1156.75
18   3191.45
19   4170.31
20   4424.08
21   3948.84
22   1984.31
23   2233.9
24   4396.33
25   2632.71
26   4393.47
27   2353.16
28   4478.46
29   4420.26
30   4472.4
31   4564.14
32   4188.33
33   -4234.98
34   3600.42
35   4112.59
36   4386.88
37   1375.81
38   4238.49
39   1473.33
40   -5655.18
41   3186.74
42   3751.22
43   -5489.25
44   3722.8
45   -5649.6
46   1368.99
47   239.959
48   3771.13
49   1040.05
50   -2477.91
51   3808.61
52   686.714
53   -5860.94
54   2804.07
55   4302.95
56   -5525.22
57   3768.25
58   3863.73
59   2969.72
60   -3702.13
61   -665.504
62   3618.63
63   9211.13
