P   7   154.769    0.5
P   16   154.846    0.5
P   3   155.077    0.5
P   23   155.077    0.5
P   11   155.077    0.5
P   1   155.154    0.5
P   18   155.154    0.5
P   5   155.462    0.5
P   6   155.462    0.5
P   14   155.462    0.5
P   15   155.692    0.5
P   22   155.769    0.5
P   25   155.769    0.5
P   4   155.769    0.5
P   8   155.769    0.5
P   13   156.077    0.5
P   12   156.077    0.5
P   10   156.077    0.5
P   9   156.077    0.5
P   21   156.385    0.5
P   26   156.385    0.5
P   29   156.692    0.5
P   30   156.692    0.5
P   2   156.692    0.5
P   31   156.923    0.5
P   28   157    0.5
P   32   157    0.5
P   20   157    0.5
P   27   157.231    0.5
P   19   157.231    0.5
P   24   157.308    0.5
P   36   157.615    0.5
P   44   157.615    0.5
P   0   157.615    0.5
P   35   157.846    0.5
P   55   157.846    0.5
P   38   157.923    0.5
P   34   158.231    0.5
P   58   158.231    0.5
P   42   158.231    0.5
P   51   158.462    0.5
P   57   158.538    0.5
P   17   158.538    0.5
P   48   158.538    0.5
P   62   158.538    0.5
P   41   158.846    0.5
P   54   158.846    0.5
P   39   159.077    0.5
P   37   159.154    0.5
P   59   159.385    0.5
P   47   159.385    0.5
P   52   159.462    0.5
P   49   159.462    0.5
P   46   159.462    0.5
P   33   159.462    0.5
P   50   159.769    0.5
P   60   159.769    0.5
P   61   159.769    0.5
P   43   160    0.5
P   53   160.077    0.5
P   56   160.077    0.5
P   45   160.077    0.5
P   40   160.077    0.5
P   63   9268.08    0.5
