P 53   -5860.94    0.5
P 40   -5655.18    0.5
P 45   -5649.6    0.5
P 56   -5525.22    0.5
P 43   -5489.25    0.5
P 0   -4571.47    0.5
P 33   -4234.98    0.5
P 60   -3702.13    0.5
P 50   -2477.91    0.5
P 61   -665.504    0.5
P 47   239.959    0.5
P 52   686.714    0.5
P 49   1040.05    0.5
P 17   1156.75    0.5
P 46   1368.99    0.5
P 37   1375.81    0.5
P 39   1473.33    0.5
P 22   1984.31    0.5
P 3   2183.61    0.5
P 23   2233.9    0.5
P 7   2284.58    0.5
P 27   2353.16    0.5
P 11   2599.81    0.5
P 25   2632.71    0.5
P 15   2636.02    0.5
P 1   2664.74    0.5
P 54   2804.07    0.5
P 59   2969.72    0.5
P 41   3186.74    0.5
P 18   3191.45    0.5
P 14   3244.01    0.5
P 4   3304.6    0.5
P 16   3314.04    0.5
P 34   3600.42    0.5
P 62   3618.63    0.5
P 44   3722.8    0.5
P 10   3725.92    0.5
P 42   3751.22    0.5
P 57   3768.25    0.5
P 48   3771.13    0.5
P 51   3808.61    0.5
P 58   3863.73    0.5
P 21   3948.84    0.5
P 35   4112.59    0.5
P 9   4132.26    0.5
P 19   4170.31    0.5
P 32   4188.33    0.5
P 12   4193.8    0.5
P 13   4193.8    0.5
P 38   4238.49    0.5
P 55   4302.95    0.5
P 36   4386.88    0.5
P 26   4393.47    0.5
P 24   4396.33    0.5
P 8   4413    0.5
P 29   4420.26    0.5
P 20   4424.08    0.5
P 30   4472.4    0.5
P 28   4478.46    0.5
P 6   4497.82    0.5
P 5   4502.68    0.5
P 31   4564.14    0.5
P 2   4834.41    0.5
P 63   9211.13    0.5
