196  157  147  160  160  144  160  160  160  160  144  160  160  160  160  160  144  160  160  160  160  160  144  160  160  160  160  160  144  160  160  160  160  144  160  160  160  160  160  144  160  160  160  160  160  144  160  160  160  160  160  144  
13  32  327  160  160  144  160  160  160  160  160  144  160  160  160  160  160  144  160  160  160  160  160  144  160  160  160  160  160  144  160  160  160  160  160  144  160  160  160  160  160  144  160  160  160  160  160  144  160  160  160  144  
13  193  246  160  160  144  160  160  160  160  160  144  160  160  160  160  144  160  160  160  160  160  144  160  160  160  160  160  144  160  160  160  160  160  144  160  160  160  160  160  144  160  160  160  160  160  144  160  160  160  160  144  
13  0  339  160  160  160  160  160  144  160  160  160  160  160  144  160  160  160  160  160  144  160  160  160  160  160  144  160  160  160  160  160  144  160  160  160  160  160  144  160  160  160  160  160  144  160  160  160  160  160  144  160  
13  87  304  160  160  160  144  160  160  160  160  160  144  160  160  160  160  160  144  160  160  160  160  144  160  160  160  160  160  144  160  160  160  160  160  157  147  160  160  160  160  157  147  160  160  160  160  144  160  160  160  144  
13  129  246  160  160  160  144  160  160  160  160  160  144  160  160  160  160  157  147  160  160  160  160  144  160  160  160  160  160  144  160  160  160  160  160  144  160  160  160  160  160  144  160  160  160  160  160  144  160  160  160  144  
13  129  246  160  160  160  144  160  160  160  160  160  144  160  160  160  160  160  144  160  160  160  160  160  144  160  160  160  160  160  144  160  160  160  160  160  144  160  160  160  160  157  147  160  160  160  160  144  160  160  160  144  
13  0  339  144  160  160  160  160  160  144  160  160  160  160  160  144  160  160  160  160  160  144  160  160  160  160  144  160  160  160  160  160  144  160  160  160  160  160  144  160  160  160  160  160  144  160  160  160  160  160  144  160  
13  136  255  160  160  160  144  160  160  160  160  160  144  160  160  160  160  147  157  160  160  160  160  144  160  160  160  160  160  144  160  160  160  160  160  144  160  160  160  160  160  144  160  160  160  160  160  144  160  160  160  144  
13  136  271  160  160  160  144  160  160  160  160  160  144  160  160  160  160  160  144  160  160  160  160  160  144  160  160  160  160  160  144  160  160  160  160  160  144  160  160  160  160  160  144  160  160  160  160  160  144  160  160  144  
13  136  271  160  160  160  160  160  144  160  160  160  160  144  160  160  160  160  160  144  160  160  160  160  160  144  160  160  160  160  160  144  160  160  160  160  160  144  160  160  160  160  160  144  160  160  160  160  160  144  160  144  
13  26  329  160  160  144  160  160  160  160  160  144  160  160  160  160  160  144  160  160  160  160  160  144  160  160  160  160  160  144  160  160  160  160  160  144  160  160  160  160  144  160  160  160  160  160  160  144  160  160  160  144  
13  136  271  160  160  144  160  160  160  160  160  144  160  160  160  160  160  144  160  160  160  160  160  144  160  160  160  160  160  144  160  160  160  160  160  144  160  160  160  160  160  144  160  160  160  160  160  144  160  160  160  144  
13  136  271  160  160  144  160  160  160  160  160  144  160  160  160  160  160  144  160  160  160  160  160  144  160  160  160  160  160  144  160  160  160  160  160  144  160  160  160  160  160  144  160  160  160  160  160  144  160  160  160  144  
13  75  300  144  160  160  160  160  160  144  160  160  160  160  160  144  160  160  160  160  160  144  160  160  160  160  144  160  160  160  160  160  144  160  160  160  160  160  144  160  160  160  160  160  144  160  160  160  160  160  144  160  
13  59  328  160  144  160  160  160  160  160  144  160  160  160  160  160  144  160  160  160  160  160  144  160  160  160  160  148  156  160  160  160  160  160  144  160  160  160  160  144  160  160  160  160  160  144  160  160  160  160  160  144  
13  73  270  160  144  160  160  160  160  160  144  160  160  160  160  160  144  160  160  160  160  160  144  160  160  160  160  144  160  160  160  160  160  144  160  160  160  160  160  144  160  160  160  160  160  144  160  160  160  160  160  144  
148  256  128  160  160  160  160  160  144  160  160  160  160  160  144  160  160  160  160  160  144  160  160  160  160  160  144  160  160  160  160  160  144  160  160  160  160  160  144  160  160  160  160  160  144  160  160  160  160  160  144  160  
13  75  284  160  160  160  160  144  160  160  160  160  160  144  160  160  160  160  160  144  160  160  160  160  160  144  160  160  160  160  160  144  160  160  160  160  157  147  160  160  160  160  144  160  160  160  160  160  144  160  160  144  
13  323  144  160  160  160  160  160  144  160  160  160  160  160  144  160  160  160  160  160  144  160  160  160  160  160  144  160  160  160  160  157  147  160  160  160  160  144  160  160  160  160  160  144  160  160  160  160  160  144  160  144  
13  304  151  160  144  160  160  160  160  160  144  160  160  160  160  160  144  160  160  160  160  160  144  160  160  160  160  160  144  160  160  160  160  160  144  160  160  160  160  160  144  160  160  160  160  144  160  160  160  160  160  144  
13  136  287  160  160  160  144  160  160  160  160  160  144  160  160  160  160  157  147  160  160  160  160  144  160  160  160  160  160  144  160  160  160  160  160  144  160  160  160  160  160  144  160  160  160  160  160  144  160  160  160  144  
13  0  391  144  160  160  160  160  160  144  160  160  160  160  160  144  160  160  160  160  144  160  160  160  160  160  144  160  160  160  160  160  144  160  160  160  160  160  144  160  160  160  160  160  144  160  160  160  160  160  144  160  
13  0  355  144  160  160  160  160  160  144  160  160  160  160  160  144  160  160  160  160  160  144  160  160  160  160  160  144  160  160  160  160  160  144  160  160  160  160  160  144  160  160  160  160  160  144  160  160  160  160  160  144  
88  235  161  160  144  160  160  160  160  144  160  160  160  160  160  144  160  160  160  160  160  144  160  160  160  160  160  144  160  160  160  160  160  144  160  160  160  160  160  144  160  160  160  160  160  144  160  160  160  160  160  144  
13  59  332  160  144  160  160  160  160  160  144  160  160  160  160  160  160  144  160  160  160  160  144  160  160  160  160  160  144  160  160  160  160  160  144  160  160  160  160  160  144  160  160  160  160  160  144  160  160  160  160  144  
13  156  267  160  160  160  144  160  160  160  160  160  144  160  160  160  160  160  144  160  160  160  160  160  144  160  160  160  160  144  160  160  160  160  160  144  160  160  160  160  160  144  160  160  160  160  160  144  160  160  160  144  
123  213  144  160  160  160  160  147  157  160  160  160  160  144  160  160  160  160  160  144  160  160  160  160  160  144  160  160  160  160  160  144  160  160  160  160  160  144  160  160  160  160  160  144  160  160  160  160  160  144  160  144  
13  291  164  160  144  160  160  160  160  160  144  160  160  160  160  160  144  160  160  160  160  160  144  160  160  160  160  153  151  160  160  160  160  144  160  160  160  160  160  144  160  160  160  160  160  144  160  160  160  160  160  144  
13  196  243  160  160  160  160  160  144  160  160  160  160  156  148  160  160  160  160  144  160  160  160  160  160  144  160  160  160  160  160  144  160  160  160  160  160  144  160  160  160  160  147  157  160  160  160  160  144  160  160  144  
13  176  263  160  160  160  144  160  160  160  160  160  144  160  160  160  160  144  160  160  160  160  160  144  160  160  160  160  160  144  160  160  160  160  160  144  160  160  160  160  160  144  160  160  160  160  160  144  160  160  160  144  
13  306  145  160  160  160  144  160  160  160  160  160  144  160  160  160  160  160  144  160  160  160  160  160  144  160  160  160  160  160  144  160  160  160  160  160  144  160  160  160  160  160  144  160  160  160  160  160  144  160  160  144  
13  310  145  160  160  160  160  144  160  160  160  160  160  144  160  160  160  160  160  144  160  160  160  160  160  144  160  160  160  160  160  144  160  160  160  160  160  144  160  160  160  160  160  144  160  160  160  160  160  144  160  144  
239  213  144  160  160  160  160  144  160  160  160  160  160  144  160  160  160  160  160  144  160  160  160  160  160  144  160  160  160  160  160  144  160  160  160  160  160  144  160  160  160  160  144  160  160  160  160  160  144  160  160  144  
45  343  144  160  160  160  160  144  160  160  160  160  160  144  160  160  160  160  160  144  160  160  160  160  160  144  160  160  160  160  144  160  160  160  160  160  144  160  160  160  160  160  144  160  160  160  160  160  144  160  160  144  
13  355  144  160  160  160  144  160  160  160  160  160  144  160  160  160  160  160  144  160  160  160  160  151  153  160  160  160  160  144  160  160  160  160  160  144  160  160  160  160  160  144  160  160  160  160  160  144  160  160  160  144  
13  327  160  144  160  160  160  160  160  144  160  160  160  160  160  144  160  160  160  160  160  144  160  160  160  160  160  144  160  160  160  160  160  144  160  160  160  160  160  144  160  160  160  160  160  144  160  160  160  160  160  144  
149  271  160  160  160  144  160  160  160  160  160  144  160  160  160  160  160  144  160  160  160  160  160  144  160  160  160  160  160  144  160  160  160  160  160  144  160  160  160  160  160  144  160  160  160  160  160  144  160  160  160  144  
13  343  160  160  160  144  160  160  160  160  160  144  160  160  160  160  160  144  160  160  160  160  160  144  160  160  160  160  160  144  160  160  160  160  144  160  160  160  160  160  144  160  160  160  160  160  144  160  160  160  160  144  
140  276  144  160  160  160  160  160  144  160  160  160  160  160  144  160  160  160  160  160  144  160  160  160  160  160  144  160  160  160  160  160  144  160  160  160  160  160  144  160  160  160  160  144  160  160  160  160  160  144  160  160  
323  145  160  160  144  160  160  160  160  160  144  160  160  160  160  160  144  160  160  160  160  144  160  160  160  160  160  144  160  160  160  160  160  144  160  160  160  160  160  144  160  160  160  160  160  144  160  160  160  160  160  144  
88  316  160  160  160  144  160  160  160  160  160  144  160  160  160  160  157  147  160  160  160  160  144  160  160  160  160  160  144  160  160  160  160  160  144  160  160  160  160  160  144  160  160  160  160  160  144  160  160  160  160  144  
13  359  160  160  160  144  160  160  160  160  144  160  160  160  160  160  144  160  160  160  160  160  144  160  160  160  160  160  144  160  160  160  160  144  160  160  160  160  160  144  160  160  160  160  160  151  153  160  160  160  160  144  
319  145  160  160  160  144  160  160  160  160  160  144  160  160  160  160  160  144  160  160  160  160  160  144  160  160  160  160  160  144  160  160  160  160  160  144  160  160  160  160  144  160  160  160  160  160  144  160  160  160  160  144  
88  252  160  160  144  160  160  160  160  160  148  156  160  160  160  160  144  160  160  160  160  160  144  160  160  160  160  160  144  160  160  160  160  160  144  160  160  160  160  160  144  160  160  160  160  160  144  160  160  160  160  144  
323  145  160  160  160  144  160  160  160  160  153  151  160  160  160  160  144  160  160  160  160  160  144  160  160  160  160  160  144  160  160  160  160  160  144  160  160  160  160  160  144  160  160  160  160  160  144  160  160  160  160  144  
149  287  160  160  160  144  160  160  160  160  160  144  160  160  160  160  160  144  160  160  160  160  144  160  160  160  160  160  151  153  160  160  160  160  160  144  160  160  160  160  144  160  160  160  160  160  144  160  160  160  160  144  
167  265  160  160  160  160  144  160  160  160  160  160  160  144  160  160  160  160  156  148  160  160  160  160  144  160  160  160  160  160  144  160  160  160  160  160  144  160  160  160  160  160  144  160  160  160  160  160  144  160  160  144  
45  343  160  160  160  144  160  160  160  160  160  144  160  160  160  160  144  160  160  160  160  160  144  160  160  160  160  160  144  160  160  160  160  160  144  160  160  160  160  160  144  160  160  160  160  160  144  160  160  160  160  144  
149  287  144  160  160  160  160  160  144  160  160  160  160  160  144  160  160  160  160  160  144  160  160  160  160  160  144  160  160  160  160  160  144  160  160  160  160  160  144  160  160  160  160  157  147  160  160  160  160  144  160  160  
209  243  160  160  160  144  160  160  160  160  144  160  160  160  160  160  160  144  160  160  160  160  144  160  160  160  160  160  144  160  160  160  160  160  144  160  160  160  160  160  144  160  160  160  160  160  144  160  160  160  160  144  
13  371  144  160  160  160  160  160  144  160  160  160  160  160  144  160  160  160  160  160  144  160  160  160  160  160  144  160  160  160  160  160  144  160  160  160  160  160  144  160  160  160  160  144  160  160  160  160  160  144  160  160  
149  303  144  160  160  160  160  160  144  160  160  160  160  160  144  160  160  160  160  144  160  160  160  160  160  144  160  160  160  160  160  144  160  160  160  160  160  144  160  160  160  160  160  144  160  160  160  160  160  144  160  144  
323  145  160  160  160  160  160  144  160  160  160  160  160  144  160  160  160  160  160  144  160  160  160  160  160  144  160  160  160  160  160  144  160  160  160  160  160  144  160  160  160  160  144  160  160  160  160  160  144  160  160  144  
88  316  160  160  144  160  160  160  160  160  144  160  160  160  160  160  144  160  160  160  160  160  144  160  160  160  160  160  144  160  160  160  160  160  144  160  160  160  160  160  144  160  160  160  160  160  144  160  160  160  160  144  
13  339  160  160  160  160  144  160  160  160  160  144  160  160  160  160  160  144  160  160  160  160  160  144  160  160  160  160  160  144  160  160  160  160  160  144  160  160  160  160  160  144  160  160  160  160  144  160  160  160  160  144  
323  145  160  160  160  160  144  160  160  160  160  160  144  160  160  160  160  144  160  160  160  160  160  144  160  160  160  160  160  144  160  160  160  160  160  144  160  160  160  160  160  144  160  160  160  160  160  144  160  160  160  144  
13  375  144  160  160  160  160  160  144  160  160  160  160  160  144  160  160  160  160  160  144  160  160  160  160  160  144  160  160  160  160  160  144  160  160  160  160  144  160  160  160  160  160  144  160  160  160  160  160  144  160  160  
13  359  160  160  144  160  160  160  160  160  144  160  160  160  160  144  160  160  160  160  160  144  160  160  160  160  160  144  160  160  160  160  160  144  160  160  160  160  160  144  160  160  160  160  144  160  160  160  160  160  144  160  
80  352  160  144  160  160  160  160  160  144  160  160  160  160  160  144  160  160  160  160  160  144  160  160  160  160  160  144  160  160  160  160  160  144  160  160  160  160  160  144  160  160  160  160  160  144  160  160  160  160  160  144  
239  229  144  160  160  160  160  144  160  160  160  160  160  144  160  160  160  160  160  144  160  160  160  160  160  144  160  160  160  160  160  144  160  160  160  160  144  160  160  160  160  160  144  160  160  160  160  160  144  160  160  144  
192  260  160  160  160  144  160  160  160  160  160  144  160  160  160  160  160  144  160  160  160  160  147  157  160  160  160  160  144  160  160  160  160  160  144  160  160  160  160  160  144  160  160  160  160  160  144  160  160  160  160  144  
24  364  160  160  144  160  160  160  160  160  144  160  160  160  160  160  144  160  160  160  160  160  144  160  160  160  160  160  144  160  160  160  160  144  160  160  160  160  160  144  160  160  160  160  160  144  160  160  160  160  160  144  
88  389  267  2144  263  4154  610  8459  9973  10002  19324  238  4571  9139  10423  9429  10426  9828  8522  9067  9907  10349  18955  20158  18223  10350  4139  7793  7815  7830  5864  11232  6740  7803  7793  9786  12790  15652  15062  12782  9713  9529  9389  9356  10284  7635  10085  9709  11516  16258  14962  15165  
