0   157.615
1   155.154
2   156.692
3   155.077
4   155.769
5   155.462
6   155.462
7   154.769
8   155.769
9   156.077
10   156.077
11   155.077
12   156.077
13   156.077
14   155.462
15   155.692
16   154.846
17   158.538
18   155.154
19   157.231
20   157
21   156.385
22   155.769
23   155.077
24   157.308
25   155.769
26   156.385
27   157.231
28   157
29   156.692
30   156.692
31   156.923
32   157
33   159.462
34   158.231
35   157.846
36   157.615
37   159.154
38   157.923
39   159.077
40   160.077
41   158.846
42   158.231
43   160
44   157.615
45   160.077
46   159.462
47   159.385
48   158.538
49   159.462
50   159.769
51   158.462
52   159.462
53   160.077
54   158.846
55   157.846
56   160.077
57   158.538
58   158.231
59   159.385
60   159.769
61   159.769
62   158.538
63   9268.08
