P   15   91.6389    0.5
P   12   91.8333    0.5
P   3   92.0111    0.5
P   4   92.5722    0.5
P   11   92.9    0.5
P   1   93.2222    0.5
P   0   93.45    0.5
P   7   94.75    0.5
P   6   94.85    0.5
P   2   95.2556    0.5
P   14   95.3611    0.5
P   9   95.5167    0.5
P   10   95.9389    0.5
P   5   96.1833    0.5
P   13   97.1167    0.5
P   63   140.928    0.5
P   56   162.044    0.5
P   48   165.561    0.5
P   54   177.161    0.5
P   46   180.622    0.5
P   59   183.95    0.5
P   45   187.817    0.5
P   31   199.122    0.5
P   24   202.111    0.5
P   37   205.539    0.5
P   29   211.172    0.5
P   47   221.622    0.5
P   55   231.217    0.5
P   38   233.817    0.5
P   16   238.822    0.5
P   58   246.95    0.5
P   22   251.85    0.5
P   50   255.528    0.5
P   23   257.067    0.5
P   61   265.617    0.5
P   27   275.044    0.5
P   43   276.406    0.5
P   40   276.722    0.5
P   57   285.25    0.5
P   26   290.472    0.5
P   21   297.194    0.5
P   62   301.861    0.5
P   25   312.867    0.5
P   60   321.856    0.5
P   42   321.95    0.5
P   44   325.567    0.5
P   32   338.561    0.5
P   35   346.05    0.5
P   51   346.839    0.5
P   17   350    0.5
P   52   354.261    0.5
P   20   361.511    0.5
P   28   362.661    0.5
P   36   366.594    0.5
P   39   370.089    0.5
P   33   372.167    0.5
P   53   381.183    0.5
P   41   381.4    0.5
P   19   381.422    0.5
P   18   395.628    0.5
P   30   397.811    0.5
P   34   401.533    0.5
P   49   408.778    0.5
P   8   3494.27    0.5
