0   93.45
1   93.2222
2   95.2556
3   92.0111
4   92.5722
5   96.1833
6   94.85
7   94.75
8   3494.27
9   95.5167
10   95.9389
11   92.9
12   91.8333
13   97.1167
14   95.3611
15   91.6389
16   238.822
17   350
18   395.628
19   381.422
20   361.511
21   297.194
22   251.85
23   257.067
24   202.111
25   312.867
26   290.472
27   275.044
28   362.661
29   211.172
30   397.811
31   199.122
32   338.561
33   372.167
34   401.533
35   346.05
36   366.594
37   205.539
38   233.817
39   370.089
40   276.722
41   381.4
42   321.95
43   276.406
44   325.567
45   187.817
46   180.622
47   221.622
48   165.561
49   408.778
50   255.528
51   346.839
52   354.261
53   381.183
54   177.161
55   231.217
56   162.044
57   285.25
58   246.95
59   183.95
60   321.856
61   265.617
62   301.861
63   140.928
