0   224.094
1   -557.042
2   761.417
3   -299.218
4   863.487
5   706.135
6   846.634
7   1173.66
8   6843.5
9   698.506
10   -624.331
11   -327.301
12   -827.211
13   -1493.13
14   -889.256
15   -225.804
16   4107.15
17   1810.6
18   476.958
19   127.347
20   1521.21
21   2828.51
22   3520.47
23   3402.36
24   3158.38
25   2655.85
26   2870.45
27   2897.9
28   1487.99
29   3040.33
30   318.79
31   2832.66
32   2137.85
33   1160.51
34   127.395
35   2006.52
36   1339.01
37   3168.24
38   3600.71
39   260.543
40   3328.31
41   819.594
42   2361.41
43   3157.21
44   2409.63
45   2701.06
46   2580.82
47   3403.6
48   2438.89
49   -196.991
50   3495.46
51   725.894
52   1669.36
53   895.674
54   2550.39
55   3806.06
56   2495.93
57   2989.58
58   3670.49
59   2648.24
60   2536.35
61   3375.52
62   2821.98
63   2108.16
