P 13   -1493.13    0.5
P 14   -889.256    0.5
P 12   -827.211    0.5
P 10   -624.331    0.5
P 1   -557.042    0.5
P 11   -327.301    0.5
P 3   -299.218    0.5
P 15   -225.804    0.5
P 49   -196.991    0.5
P 19   127.347    0.5
P 34   127.395    0.5
P 0   224.094    0.5
P 39   260.543    0.5
P 30   318.79    0.5
P 18   476.958    0.5
P 9   698.506    0.5
P 5   706.135    0.5
P 51   725.894    0.5
P 2   761.417    0.5
P 41   819.594    0.5
P 6   846.634    0.5
P 4   863.487    0.5
P 53   895.674    0.5
P 33   1160.51    0.5
P 7   1173.66    0.5
P 36   1339.01    0.5
P 28   1487.99    0.5
P 20   1521.21    0.5
P 52   1669.36    0.5
P 17   1810.6    0.5
P 35   2006.52    0.5
P 63   2108.16    0.5
P 32   2137.85    0.5
P 42   2361.41    0.5
P 44   2409.63    0.5
P 48   2438.89    0.5
P 56   2495.93    0.5
P 60   2536.35    0.5
P 54   2550.39    0.5
P 46   2580.82    0.5
P 59   2648.24    0.5
P 25   2655.85    0.5
P 45   2701.06    0.5
P 62   2821.98    0.5
P 21   2828.51    0.5
P 31   2832.66    0.5
P 26   2870.45    0.5
P 27   2897.9    0.5
P 57   2989.58    0.5
P 29   3040.33    0.5
P 43   3157.21    0.5
P 24   3158.38    0.5
P 37   3168.24    0.5
P 40   3328.31    0.5
P 61   3375.52    0.5
P 23   3402.36    0.5
P 47   3403.6    0.5
P 50   3495.46    0.5
P 22   3520.47    0.5
P 38   3600.71    0.5
P 58   3670.49    0.5
P 55   3806.06    0.5
P 16   4107.15    0.5
P 8   6843.5    0.5
