8  9  457
8  10  422
8  11  464
8  12  445
8  13  412
8  14  494
8  15  346
8  16  454
8  17  552
8  18  440
8  19  310
8  20  391
8  21  425
8  22  471
8  23  384
8  24  424
8  25  495
8  26  463
8  27  348
8  28  360
8  29  408
8  30  554
8  31  328
8  32  350
8  33  446
8  34  437
8  35  438
8  36  465
8  37  378
8  38  311
8  39  399
8  40  478
8  41  413
8  42  452
8  43  340
8  44  362
8  45  422
8  46  373
8  47  276
8  48  524
8  49  2215
8  50  504
8  51  398
8  52  291
8  53  413
8  54  366
8  55  391
9  8  257
9  10  14
9  11  109
9  12  60
9  13  62
9  14  95
9  15  34
9  17  15
9  19  18
9  20  5
9  21  15
9  23  10
9  25  15
9  27  48
9  28  6
9  29  15
9  31  12
9  32  10
9  33  15
9  34  3
9  35  14
9  36  15
9  38  33
9  39  62
9  40  60
9  41  6
9  43  10
9  44  5
9  47  12
9  48  96
9  49  1504
9  50  54
9  51  53
9  52  10
9  53  9
9  54  5
10  8  322
10  9  46
10  11  129
10  12  153
10  13  66
10  14  65
10  15  69
10  16  95
10  17  45
10  18  45
10  19  45
10  20  100
10  21  45
10  22  45
10  23  45
10  24  95
10  25  45
10  26  45
10  27  75
10  28  95
10  29  45
10  30  45
10  31  45
10  32  95
10  33  45
10  34  48
10  35  54
10  36  110
10  37  45
10  38  66
10  39  102
10  40  105
10  41  50
10  42  54
10  43  64
10  44  45
10  45  63
10  46  45
10  47  53
10  48  146
10  49  1901
10  50  95
10  51  114
10  52  45
10  53  72
10  54  45
10  55  63
11  8  655
11  9  422
11  10  429
11  12  486
11  13  448
11  14  434
11  15  519
11  16  420
11  17  435
11  18  405
11  19  510
11  20  438
11  21  420
11  22  405
11  23  495
11  24  420
11  25  430
11  26  434
11  27  558
11  28  435
11  29  438
11  30  405
11  31  513
11  32  442
11  33  438
11  34  408
11  35  507
11  36  438
11  37  398
11  38  461
11  39  535
11  40  460
11  41  458
11  42  410
11  43  533
11  44  405
11  45  408
11  46  485
11  47  515
11  48  496
11  49  2270
11  50  438
11  51  619
11  52  419
11  53  428
11  54  400
11  55  485
12  8  537
12  9  300
12  10  333
12  11  414
12  13  352
12  14  321
12  15  362
12  16  300
12  17  318
12  18  300
12  19  363
12  20  315
12  21  318
12  22  300
12  23  348
12  24  300
12  25  318
12  26  300
12  27  393
12  28  315
12  29  318
12  30  371
12  31  330
12  32  330
12  33  300
12  34  303
12  35  324
12  36  315
12  37  300
12  38  381
12  39  372
12  40  360
12  41  330
12  42  300
12  43  360
12  44  315
12  45  300
12  46  300
12  47  360
12  48  397
12  49  2809
12  50  396
12  51  381
12  52  330
12  53  309
12  54  315
12  55  300
13  8  365
13  9  154
13  10  114
13  11  191
13  12  198
13  14  218
13  15  114
13  16  136
13  17  135
13  18  120
13  19  75
13  20  120
13  21  130
13  22  120
13  23  90
13  24  135
13  25  135
13  26  120
13  27  105
13  28  121
13  29  125
13  30  120
13  31  90
13  32  105
13  33  135
13  34  123
13  35  114
13  36  150
13  37  115
13  38  111
13  39  152
13  40  180
13  41  105
13  42  120
13  43  90
13  44  105
13  45  120
13  46  120
13  47  85
13  48  218
13  49  2605
13  50  209
13  51  157
13  52  90
13  53  119
13  54  105
13  55  120
14  8  406
14  9  395
14  10  109
14  11  178
14  12  165
14  13  414
14  15  121
14  16  105
14  17  405
14  18  105
14  19  90
14  20  100
14  21  345
14  22  105
14  23  90
14  24  105
14  25  390
14  26  125
14  27  122
14  28  100
14  29  360
14  30  105
14  31  95
14  32  95
14  33  360
14  34  108
14  35  109
14  36  120
14  37  105
14  38  116
14  39  159
14  40  211
14  41  120
14  42  144
14  43  103
14  44  100
14  45  113
14  46  105
14  47  113
14  48  210
14  49  2644
14  50  199
14  51  171
14  52  95
14  53  152
14  54  100
14  55  143
15  8  329
15  9  122
15  10  129
15  11  219
15  12  201
15  13  138
15  14  149
15  16  135
15  17  135
15  18  120
15  19  120
15  20  135
15  21  120
15  22  120
15  23  125
15  24  135
15  25  125
15  26  139
15  27  163
15  28  135
15  29  128
15  30  120
15  31  138
15  32  135
15  33  133
15  34  123
15  35  137
15  36  150
15  37  138
15  38  141
15  39  195
15  40  185
15  41  148
15  42  130
15  43  138
15  44  120
15  45  138
15  46  232
15  47  120
15  48  225
15  49  2581
15  50  198
15  51  262
15  52  129
15  53  148
15  54  120
15  55  130
16  8  242
16  10  24
16  11  89
16  12  60
16  13  32
16  14  21
16  15  37
16  17  18
16  19  18
16  21  18
16  23  18
16  24  5
16  25  18
16  27  64
16  29  18
16  30  66
16  34  3
16  35  9
16  36  15
16  38  21
16  39  57
16  40  60
16  48  102
16  49  1443
16  50  88
16  51  45
16  53  9
17  8  345
17  9  18
17  10  9
17  11  102
17  12  75
17  13  42
17  14  111
17  15  27
17  16  15
17  20  15
17  24  15
17  27  33
17  28  15
17  32  15
17  34  3
17  35  9
17  36  30
17  38  21
17  39  60
17  40  114
17  48  116
17  49  1171
17  50  71
17  51  48
17  53  9
18  8  240
18  10  9
18  11  81
18  12  60
18  13  24
18  14  21
18  15  24
18  27  30
18  34  3
18  35  9
18  36  15
18  38  21
18  39  60
18  40  60
18  42  15
18  43  13
18  45  18
18  47  3
18  48  100
18  49  1711
18  50  95
18  51  69
18  53  27
18  55  8
19  8  211
19  9  6
19  10  9
19  11  102
19  12  84
19  13  15
19  14  18
19  15  24
19  16  15
19  20  15
19  24  15
19  26  9
19  27  48
19  28  15
19  29  18
19  31  18
19  32  15
19  33  18
19  34  3
19  35  22
19  36  30
19  37  18
19  38  21
19  39  63
19  40  60
19  41  8
19  43  18
19  45  18
19  46  140
19  48  112
19  49  1847
19  50  58
19  51  137
19  52  9
19  53  18
20  8  247
20  9  1
20  10  26
20  11  102
20  12  63
20  13  39
20  14  20
20  15  37
20  17  18
20  19  8
20  21  18
20  23  18
20  25  18
20  27  48
20  29  18
20  30  83
20  34  3
20  35  9
20  36  15
20  38  21
20  39  60
20  40  60
20  48  104
20  49  2185
20  50  83
20  51  45
20  53  9
21  8  270
21  9  18
21  10  9
21  11  99
21  12  75
21  13  41
21  14  84
21  15  24
21  16  15
21  20  15
21  24  15
21  27  30
21  28  15
21  32  15
21  34  3
21  35  9
21  36  30
21  38  21
21  39  60
21  40  60
21  48  105
21  49  2331
21  50  63
21  51  42
21  53  9
22  8  295
22  10  9
22  11  81
22  12  60
22  13  24
22  14  21
22  15  24
22  27  30
22  34  3
22  35  9
22  36  15
22  38  21
22  39  60
22  40  60
22  42  17
22  43  20
22  45  20
22  47  18
22  48  103
22  49  2565
22  50  63
22  51  55
22  53  27
22  55  18
23  8  252
23  9  2
23  10  9
23  11  99
23  12  81
23  13  18
23  14  18
23  15  25
23  16  15
23  20  15
23  24  15
23  26  20
23  27  49
23  28  15
23  29  18
23  31  18
23  32  15
23  33  3
23  34  3
23  35  27
23  36  30
23  37  18
23  38  21
23  39  79
23  40  78
23  41  18
23  43  18
23  45  18
23  46  109
23  48  356
23  49  171
23  50  24
23  51  99
23  52  9
23  53  18
23  54  36
24  8  236
24  10  24
24  11  84
24  12  60
24  13  27
24  14  21
24  15  42
24  16  1
24  17  18
24  19  18
24  21  18
24  23  18
24  25  18
24  27  48
24  28  5
24  29  18
24  30  73
24  31  10
24  34  3
24  35  9
24  36  15
24  38  21
24  39  60
24  40  60
24  48  105
24  49  1164
24  50  139
24  51  60
24  52  19
24  53  9
25  8  280
25  9  18
25  10  9
25  11  101
25  12  75
25  13  42
25  14  103
25  15  25
25  16  15
25  20  15
25  24  15
25  27  31
25  28  15
25  32  15
25  34  3
25  35  9
25  36  30
25  38  21
25  39  61
25  40  78
25  48  110
25  49  799
25  50  122
25  51  27
25  52  19
25  53  9
26  8  256
26  10  9
26  11  130
26  12  60
26  13  24
26  14  25
26  15  71
26  19  45
26  23  50
26  27  87
26  31  50
26  34  3
26  35  64
26  36  15
26  38  21
26  39  62
26  40  94
26  42  25
26  43  3
26  45  18
26  47  3
26  48  113
26  49  1251
26  50  113
26  51  48
26  52  22
26  53  27
26  55  18
27  8  367
27  9  156
27  10  159
27  11  268
27  12  234
27  13  165
27  14  178
27  15  189
27  16  169
27  17  165
27  18  150
27  19  165
27  20  165
27  21  150
27  22  150
27  23  173
27  24  165
27  25  155
27  26  181
27  28  165
27  29  168
27  30  150
27  31  184
27  32  165
27  33  168
27  34  153
27  35  178
27  36  180
27  37  168
27  38  171
27  39  228
27  40  215
27  41  178
27  42  160
27  43  168
27  44  150
27  45  168
27  46  291
27  47  150
27  48  266
27  49  1642
27  50  235
27  51  192
27  52  261
27  53  178
27  54  150
27  55  160
28  8  224
28  9  2
28  10  24
28  11  92
28  12  63
28  13  29
28  14  20
28  15  37
28  17  18
28  19  18
28  21  18
28  23  18
28  24  1
28  25  18
28  27  48
28  29  18
28  30  77
28  34  3
28  35  9
28  36  15
28  38  21
28  39  60
28  40  60
28  48  104
28  49  1856
28  50  104
28  51  6
28  52  39
28  53  9
29  8  253
29  9  18
29  10  9
29  11  114
29  12  75
29  13  40
29  14  77
29  15  39
29  16  15
29  19  15
29  20  15
29  23  15
29  24  15
29  27  45
29  28  15
29  31  15
29  32  15
29  34  3
29  35  26
29  36  30
29  38  21
29  39  60
29  40  60
29  48  103
29  49  2284
29  50  125
29  51  6
29  52  42
29  53  9
30  8  579
30  10  9
30  11  81
30  12  315
30  13  24
30  14  21
30  15  24
30  16  255
30  20  335
30  24  265
30  27  30
30  28  360
30  32  385
30  34  3
30  35  9
30  36  270
30  38  21
30  39  60
30  40  60
30  42  15
30  43  3
30  45  8
30  47  18
30  48  101
30  49  2386
30  50  136
30  51  19
30  52  42
30  53  27
30  55  18
31  8  214
31  9  4
31  10  9
31  11  114
31  12  66
31  13  18
31  14  19
31  15  39
31  19  15
31  23  15
31  24  2
31  26  15
31  27  53
31  29  18
31  33  8
31  34  3
31  35  42
31  36  15
31  37  18
31  38  21
31  39  78
31  40  60
31  41  18
31  43  18
31  45  18
31  46  99
31  48  113
31  49  2406
31  50  102
31  51  6
31  52  123
31  53  18
32  8  220
32  9  2
32  10  24
32  11  98
32  12  66
32  13  31
32  14  19
32  15  32
32  17  18
32  19  18
32  21  18
32  23  18
32  25  18
32  27  48
32  29  18
32  30  112
32  34  3
32  35  14
32  36  15
32  38  21
32  39  60
32  40  60
32  48  108
32  49  817
32  50  128
32  51  6
32  52  47
32  53  9
33  8  242
33  9  18
33  10  9
33  11  114
33  12  60
33  13  42
33  14  97
33  15  39
33  19  15
33  23  15
33  27  45
33  31  15
33  34  3
33  35  24
33  36  15
33  38  21
33  39  60
33  40  63
33  48  102
33  49  572
33  50  104
33  51  6
33  52  81
33  53  9
34  8  277
34  9  15
34  10  24
34  11  96
34  12  75
34  13  39
34  14  36
34  15  39
34  16  15
34  17  15
34  18  15
34  19  15
34  20  15
34  21  15
34  22  15
34  23  15
34  24  15
34  25  15
34  26  15
34  27  45
34  28  15
34  29  15
34  30  15
34  31  15
34  32  15
34  33  15
34  35  24
34  36  30
34  37  15
34  38  36
34  39  75
34  40  75
34  41  15
34  42  30
34  43  23
34  44  15
34  45  34
34  46  15
34  47  33
34  48  120
34  49  844
34  50  116
34  51  34
34  52  82
34  53  42
34  54  15
34  55  23
35  8  290
35  9  46
35  10  54
35  11  156
35  12  108
35  13  66
35  14  65
35  15  84
35  16  45
35  17  45
35  18  45
35  19  60
35  20  45
35  21  45
35  22  45
35  23  60
35  24  45
35  25  45
35  26  66
35  27  108
35  28  45
35  29  63
35  30  45
35  31  63
35  32  46
35  33  63
35  34  48
35  36  60
35  37  63
35  38  66
35  39  123
35  40  105
35  41  63
35  42  45
35  43  63
35  44  45
35  45  63
35  46  166
35  47  45
35  48  153
35  49  1148
35  50  132
35  51  51
35  52  177
35  53  63
35  54  45
35  55  45
36  8  350
36  9  75
36  10  99
36  11  174
36  12  135
36  13  117
36  14  96
36  15  112
36  16  75
36  17  83
36  18  75
36  19  93
36  20  75
36  21  93
36  22  75
36  23  93
36  24  75
36  25  93
36  26  75
36  27  123
36  28  75
36  29  93
36  30  141
36  31  75
36  32  75
36  33  75
36  34  78
36  35  84
36  37  75
36  38  96
36  39  135
36  40  135
36  41  75
36  42  75
36  43  75
36  44  75
36  45  75
36  46  75
36  47  75
36  48  176
36  49  1617
36  50  156
36  51  81
36  52  131
36  53  84
36  54  75
36  55  75
37  8  223
37  10  9
37  11  93
37  12  60
37  13  23
37  14  21
37  15  39
37  19  15
37  23  15
37  27  45
37  31  15
37  34  3
37  35  24
37  36  15
37  38  21
37  39  60
37  40  60
37  48  93
37  49  1997
37  50  97
37  51  6
37  52  47
37  53  9
38  8  280
38  9  109
38  10  114
38  11  195
38  12  177
38  13  123
38  14  124
38  15  129
38  16  105
38  17  105
38  18  105
38  19  105
38  20  105
38  21  105
38  22  105
38  23  105
38  24  105
38  25  105
38  26  105
38  27  135
38  28  105
38  29  105
38  30  105
38  31  105
38  32  105
38  33  105
38  34  108
38  35  114
38  36  120
38  37  105
38  39  165
38  40  167
38  41  105
38  42  105
38  43  105
38  44  105
38  45  105
38  46  105
38  47  105
38  48  201
38  49  2153
38  50  182
38  51  111
38  52  149
38  53  114
38  54  105
38  55  105
39  8  487
39  9  286
39  10  294
39  11  395
39  12  348
39  13  304
39  14  315
39  15  324
39  16  285
39  17  300
39  18  300
39  19  315
39  20  300
39  21  300
39  22  300
39  23  320
39  24  300
39  25  305
39  26  310
39  27  345
39  28  300
39  29  300
39  30  300
39  31  315
39  32  300
39  33  300
39  34  303
39  35  324
39  36  315
39  37  300
39  38  321
39  40  366
39  41  310
39  42  310
39  43  300
39  44  300
39  45  300
39  46  300
39  47  300
39  48  406
39  49  2667
39  50  354
39  51  306
39  52  424
39  53  328
39  54  345
39  55  310
40  8  362
40  9  108
40  10  117
40  11  188
40  12  168
40  13  132
40  14  173
40  15  133
40  16  108
40  17  171
40  18  108
40  19  108
40  20  108
40  21  108
40  22  108
40  23  129
40  24  108
40  25  129
40  26  148
40  27  139
40  28  108
40  29  108
40  30  108
40  31  108
40  32  108
40  33  108
40  34  111
40  35  117
40  36  123
40  37  108
40  38  139
40  39  174
40  41  140
40  42  140
40  43  108
40  44  108
40  45  108
40  46  108
40  47  108
40  48  205
40  49  678
40  50  204
40  51  114
40  52  169
40  53  149
40  54  108
40  55  140
41  8  273
41  9  2
41  10  10
41  11  104
41  12  66
41  13  21
41  14  24
41  15  41
41  19  15
41  23  15
41  27  47
41  31  15
41  34  3
41  35  24
41  36  15
41  38  21
41  39  62
41  40  92
41  48  103
41  49  192
41  50  96
41  51  6
41  52  51
41  53  9
42  8  256
42  10  54
42  11  82
42  12  60
42  13  24
42  14  70
42  15  26
42  18  50
42  22  55
42  26  50
42  27  32
42  30  50
42  34  53
42  35  9
42  36  15
42  38  21
42  39  62
42  40  92
42  48  97
42  49  407
42  50  92
42  51  6
42  52  44
42  53  9
43  8  212
43  9  2
43  10  31
43  11  120
43  12  72
43  13  18
43  14  34
43  15  39
43  18  15
43  19  15
43  22  25
43  23  15
43  26  15
43  27  45
43  30  15
43  31  15
43  34  18
43  35  24
43  36  15
43  38  21
43  39  60
43  40  60
43  48  103
43  49  760
43  50  55
43  51  6
43  52  88
43  53  86
44  8  206
44  9  1
44  10  9
44  11  81
44  12  63
44  13  21
44  14  20
44  15  24
44  27  30
44  34  3
44  35  9
44  36  15
44  38  21
44  39  60
44  40  60
44  48  95
44  49  1175
44  50  142
44  51  6
44  52  39
44  53  9
45  8  218
45  10  24
45  11  93
45  12  60
45  13  24
45  14  36
45  15  39
45  18  15
45  19  15
45  22  25
45  23  15
45  26  15
45  27  45
45  30  15
45  31  15
45  34  23
45  35  24
45  36  15
45  38  21
45  39  60
45  40  60
45  48  92
45  49  1491
45  50  123
45  51  6
45  52  39
45  53  9
46  8  205
46  10  9
46  11  468
46  12  60
46  13  24
46  14  21
46  15  424
46  19  535
46  23  385
46  27  570
46  31  410
46  34  3
46  35  364
46  36  15
46  38  21
46  39  60
46  40  60
46  48  91
46  49  1844
46  50  129
46  51  6
46  52  73
46  53  9
47  8  170
47  9  4
47  10  24
47  11  103
47  12  72
47  13  17
47  14  34
47  15  24
47  18  15
47  22  15
47  26  15
47  27  30
47  30  15
47  34  18
47  35  9
47  36  15
47  38  21
47  39  60
47  40  60
47  48  100
47  49  2110
47  50  74
47  51  6
47  52  72
47  53  71
48  8  681
48  9  435
48  10  454
48  11  553
48  12  495
48  13  464
48  14  486
48  15  489
48  16  437
48  17  500
48  18  435
48  19  468
48  20  440
48  21  443
48  22  440
48  23  729
48  24  450
48  25  470
48  26  480
48  27  505
48  28  450
48  29  455
48  30  445
48  31  485
48  32  447
48  33  435
48  34  438
48  35  474
48  36  450
48  37  425
48  38  461
48  39  537
48  40  495
48  41  458
48  42  440
48  43  485
48  44  428
48  45  421
48  46  420
48  47  480
48  49  887
48  50  504
48  51  476
48  52  436
48  53  485
48  54  425
48  55  475
49  8  3617
49  9  2782
49  10  3332
49  11  3449
49  12  4386
49  13  4371
49  14  4370
49  15  4253
49  16  2677
49  17  2071
49  18  3189
49  19  3383
49  20  4011
49  21  4104
49  22  4559
49  23  383
49  24  2245
49  25  1485
49  26  2235
49  27  2786
49  28  3414
49  29  4049
49  30  4201
49  31  4138
49  32  1552
49  33  1229
49  34  1627
49  35  2042
49  36  2806
49  37  3607
49  38  3701
49  39  4193
49  40  1188
49  41  440
49  42  830
49  43  1499
49  44  2209
49  45  2764
49  46  3395
49  47  3785
49  48  964
49  50  818
49  51  1336
49  52  1880
49  53  2124
49  54  2988
49  55  3409
50  8  324
50  9  82
50  10  91
50  11  126
50  12  212
50  13  153
50  14  199
50  15  114
50  16  116
50  17  119
50  18  139
50  19  70
50  20  95
50  21  87
50  22  87
50  23  24
50  24  271
50  25  270
50  26  249
50  27  187
50  28  220
50  29  277
50  30  264
50  31  158
50  32  236
50  33  220
50  34  208
50  35  168
50  36  164
50  37  145
50  38  146
50  39  126
50  40  200
50  41  140
50  42  136
50  43  67
50  44  282
50  45  271
50  46  289
50  47  122
50  48  244
50  49  461
50  51  121
50  52  93
50  53  173
50  54  129
50  55  46
51  8  306
51  9  121
51  10  147
51  11  335
51  12  201
51  13  157
51  14  178
51  15  206
51  16  117
51  17  120
51  18  138
51  19  213
51  20  105
51  21  102
51  22  117
51  23  171
51  24  117
51  25  111
51  26  129
51  27  72
51  28  30
51  29  30
51  30  45
51  31  30
51  32  30
51  33  30
51  34  48
51  35  39
51  36  45
51  37  30
51  38  51
51  39  90
51  40  90
51  41  30
51  42  30
51  43  30
51  44  30
51  45  30
51  46  30
51  47  30
51  48  129
51  49  686
51  50  101
51  52  39
51  53  181
51  54  30
51  55  30
52  8  159
52  9  2
52  10  9
52  11  127
52  12  66
52  13  18
52  14  19
52  15  69
52  19  45
52  23  45
52  24  7
52  25  7
52  26  10
52  27  261
52  28  87
52  29  90
52  30  90
52  31  207
52  32  104
52  33  132
52  34  124
52  35  258
52  36  120
52  37  98
52  38  116
52  39  207
52  40  157
52  41  91
52  42  92
52  43  111
52  44  87
52  45  87
52  46  108
52  47  108
52  48  120
52  49  956
52  50  81
52  51  51
52  53  51
52  55  45
53  8  289
53  9  45
53  10  69
53  11  172
53  12  105
53  13  67
53  14  85
53  15  116
53  16  45
53  17  45
53  18  60
53  19  90
53  20  45
53  21  45
53  22  60
53  23  90
53  24  45
53  25  45
53  26  60
53  27  122
53  28  45
53  29  45
53  30  60
53  31  90
53  32  45
53  33  45
53  34  63
53  35  99
53  36  60
53  37  45
53  38  66
53  39  152
53  40  137
53  41  45
53  42  45
53  43  242
53  44  45
53  45  45
53  46  45
53  47  191
53  48  201
53  49  1288
53  50  221
53  51  321
53  52  135
53  54  138
53  55  210
54  8  214
54  9  1
54  10  9
54  11  80
54  12  63
54  13  21
54  14  20
54  15  24
54  23  60
54  27  30
54  34  3
54  35  9
54  36  15
54  38  21
54  39  141
54  40  60
54  48  91
54  49  1593
54  50  77
54  51  6
54  53  54
54  55  83
55  8  223
55  10  24
55  11  97
55  12  60
55  13  24
55  14  40
55  15  26
55  18  15
55  22  15
55  26  15
55  27  32
55  30  15
55  34  18
55  35  9
55  36  15
55  38  21
55  39  62
55  40  92
55  48  101
55  49  1902
55  50  46
55  51  6
55  52  9
55  53  154
55  54  43
