1  8  3820
1  16  4450
1  17  770
1  24  2995
1  25  730
1  32  4180
1  33  815
2  10  2875
2  11  120
2  18  2550
2  19  840
2  26  3560
2  27  840
2  34  4080
2  35  810
5  12  3060
5  13  880
5  20  3560
5  21  790
5  28  3370
5  29  960
5  36  3520
5  37  1040
6  14  8830
6  15  1310
6  22  3690
6  23  770
6  30  8390
6  31  670
6  38  3390
6  39  930
8  1  384
8  9  638
8  10  792
8  11  740
8  12  705
8  13  672
8  14  750
8  15  770
8  16  690
8  17  640
8  18  665
8  19  745
8  20  667
8  21  650
8  22  702
8  23  763
8  24  672
8  25  664
8  26  646
8  27  775
8  28  706
8  29  694
8  30  840
8  31  730
8  32  660
8  33  669
8  34  682
8  35  735
8  36  701
8  37  673
8  38  668
8  39  1611
8  40  680
8  41  671
8  42  638
8  43  780
8  44  644
8  45  664
8  46  697
8  47  793
8  48  687
8  49  671
8  50  665
8  51  753
8  52  656
8  53  1684
8  54  675
8  55  746
8  56  692
8  57  668
8  58  711
8  59  765
8  60  641
8  61  685
8  62  782
8  63  846
8  64  797
8  65  687
8  66  661
8  67  764
8  68  698
8  69  665
8  70  687
8  71  1506
9  8  1074
9  10  56
9  11  12
9  12  193
9  13  3
9  14  268
9  15  54
9  16  12
9  19  15
9  30  30
9  34  3
9  42  39
9  43  24
9  45  21
9  46  36
9  47  42
9  53  821
9  55  6
9  56  27
9  58  18
9  61  9
9  62  95
9  63  66
9  64  142
10  2  292
10  8  1814
10  9  265
10  11  272
10  12  314
10  13  308
10  14  466
10  15  324
10  16  312
10  17  270
10  18  270
10  19  285
10  20  290
10  21  260
10  22  260
10  23  260
10  24  300
10  25  270
10  26  270
10  27  270
10  28  300
10  29  255
10  30  295
10  31  260
10  32  300
10  33  270
10  34  263
10  35  270
10  36  300
10  37  265
10  38  260
10  39  270
10  40  1030
10  41  270
10  42  299
10  43  284
10  44  300
10  45  291
10  46  301
10  47  302
10  48  290
10  49  270
10  50  260
10  51  270
10  52  295
10  53  1085
10  54  255
10  55  261
10  56  322
10  57  265
10  58  272
10  59  274
10  60  300
10  61  279
10  62  541
10  63  318
10  64  420
10  65  270
10  66  270
10  67  265
10  68  295
10  69  265
10  70  270
10  71  270
11  2  12
11  8  1148
11  9  60
11  10  115
11  12  84
11  13  115
11  14  132
11  15  114
11  16  263
11  17  66
11  18  60
11  19  75
11  20  60
11  21  60
11  22  60
11  23  45
11  24  60
11  25  60
11  26  60
11  27  60
11  28  60
11  29  60
11  30  90
11  31  60
11  32  60
11  33  60
11  34  63
11  35  60
11  36  60
11  37  60
11  38  60
11  39  60
11  40  60
11  41  60
11  42  99
11  43  84
11  44  60
11  45  81
11  46  267
11  47  102
11  48  60
11  49  60
11  50  60
11  51  60
11  52  60
11  53  905
11  54  60
11  55  66
11  56  87
11  57  60
11  58  78
11  59  60
11  60  60
11  61  81
11  62  185
11  63  154
11  64  226
11  65  60
11  66  60
11  67  60
11  68  60
11  69  60
11  70  60
11  71  60
12  5  310
12  8  1352
12  9  925
12  10  172
12  11  117
12  13  108
12  14  215
12  15  159
12  16  132
12  17  105
12  18  216
12  19  120
12  20  120
12  21  105
12  22  105
12  23  105
12  24  120
12  25  105
12  26  105
12  27  105
12  28  120
12  29  105
12  30  216
12  31  105
12  32  120
12  33  105
12  34  108
12  35  105
12  36  120
12  37  105
12  38  105
12  39  105
12  40  120
12  41  600
12  42  144
12  43  129
12  44  135
12  45  126
12  46  141
12  47  147
12  48  120
12  49  120
12  50  105
12  51  105
12  52  120
12  53  895
12  54  105
12  55  111
12  56  147
12  57  105
12  58  123
12  59  105
12  60  120
12  61  114
12  62  190
12  63  165
12  64  244
12  65  105
12  66  105
12  67  105
12  68  123
12  69  105
12  70  105
12  71  105
13  5  90
13  8  1144
13  9  15
13  10  247
13  11  277
13  12  39
13  14  339
13  15  69
13  16  27
13  17  15
13  18  15
13  19  30
13  20  184
13  21  15
13  22  15
13  23  15
13  24  15
13  25  15
13  26  15
13  27  15
13  28  15
13  29  15
13  30  45
13  31  15
13  32  15
13  33  15
13  34  18
13  35  15
13  36  15
13  37  15
13  38  15
13  39  15
13  40  15
13  41  15
13  42  51
13  43  39
13  44  15
13  45  36
13  46  51
13  47  57
13  48  15
13  49  15
13  50  15
13  51  15
13  52  15
13  53  906
13  54  15
13  55  21
13  56  42
13  57  15
13  58  21
13  59  15
13  60  15
13  61  24
13  62  138
13  63  80
13  64  158
13  65  15
13  66  15
13  67  15
13  68  15
13  69  15
13  70  15
13  71  15
14  6  1089
14  8  1458
14  9  703
14  10  1055
14  11  372
14  12  534
14  13  915
14  15  454
14  16  372
14  17  713
14  18  360
14  19  375
14  20  360
14  21  690
14  22  513
14  23  360
14  24  360
14  25  690
14  26  360
14  27  360
14  28  345
14  29  690
14  30  390
14  31  360
14  32  360
14  33  690
14  34  363
14  35  360
14  36  360
14  37  360
14  38  360
14  39  360
14  40  360
14  41  360
14  42  1259
14  43  384
14  44  360
14  45  381
14  46  396
14  47  402
14  48  360
14  49  360
14  50  360
14  51  360
14  52  360
14  53  1150
14  54  360
14  55  366
14  56  387
14  57  360
14  58  378
14  59  360
14  60  360
14  61  369
14  62  656
14  63  422
14  64  482
14  65  360
14  66  360
14  67  360
14  68  360
14  69  360
14  70  360
14  71  360
15  6  133
15  8  1390
15  9  270
15  10  327
15  11  282
15  12  294
15  13  273
15  14  542
15  16  282
15  17  270
15  18  270
15  19  285
15  20  270
15  21  270
15  22  270
15  23  270
15  24  415
15  25  270
15  26  270
15  27  270
15  28  270
15  29  270
15  30  300
15  31  270
15  32  270
15  33  270
15  34  273
15  35  270
15  36  270
15  37  270
15  38  270
15  39  270
15  40  270
15  41  270
15  42  309
15  43  294
15  44  270
15  45  291
15  46  447
15  47  312
15  48  270
15  49  270
15  50  270
15  51  270
15  52  270
15  53  1071
15  54  270
15  55  276
15  56  297
15  57  270
15  58  288
15  59  270
15  60  270
15  61  291
15  62  372
15  63  337
15  64  415
15  65  270
15  66  270
15  67  270
15  68  270
15  69  270
15  70  270
15  71  270
16  1  448
16  8  1174
16  9  60
16  10  129
16  11  1007
16  12  90
16  13  63
16  14  132
16  15  114
16  17  220
16  18  60
16  19  75
16  20  60
16  21  60
16  22  60
16  23  60
16  24  60
16  25  60
16  26  197
16  27  60
16  28  60
16  29  60
16  30  199
16  31  60
16  32  60
16  33  60
16  34  63
16  35  60
16  36  60
16  37  60
16  38  60
16  39  60
16  40  60
16  41  60
16  42  99
16  43  984
16  44  60
16  45  81
16  46  96
16  47  102
16  48  60
16  49  60
16  50  60
16  51  60
16  52  60
16  53  877
16  54  60
16  55  66
16  56  87
16  57  60
16  58  77
16  59  60
16  60  60
16  61  69
16  62  149
16  63  127
16  64  220
16  65  60
16  66  60
16  67  60
16  68  60
16  69  60
16  70  60
16  71  60
17  1  79
17  8  980
17  10  57
17  11  32
17  12  24
17  13  3
17  14  211
17  15  54
17  16  44
17  18  160
17  19  220
17  28  120
17  30  30
17  34  3
17  42  39
17  43  24
17  45  21
17  46  36
17  47  42
17  53  864
17  55  6
17  56  27
17  58  18
17  61  9
17  62  100
17  63  67
17  64  172
18  2  259
18  8  1153
18  10  57
18  11  12
18  12  519
18  13  3
18  14  72
18  15  54
18  16  12
18  17  32
18  19  15
18  20  215
18  21  125
18  30  147
18  34  3
18  42  39
18  43  24
18  44  470
18  45  21
18  46  36
18  47  42
18  53  841
18  55  6
18  56  27
18  58  18
18  61  9
18  62  231
18  63  76
18  64  181
19  2  84
19  8  1205
19  9  75
19  10  132
19  11  87
19  12  99
19  13  78
19  14  147
19  15  129
19  16  87
19  17  116
19  18  75
19  20  75
19  21  75
19  22  255
19  23  270
19  24  75
19  25  75
19  26  75
19  27  75
19  28  75
19  29  75
19  30  105
19  31  75
19  32  233
19  33  75
19  34  78
19  35  75
19  36  75
19  37  75
19  38  75
19  39  75
19  40  75
19  41  75
19  42  114
19  43  99
19  44  75
19  45  96
19  46  262
19  47  117
19  48  75
19  49  75
19  50  75
19  51  75
19  52  75
19  53  859
19  54  75
19  55  81
19  56  102
19  57  75
19  58  93
19  59  75
19  60  75
19  61  96
19  62  177
19  63  170
19  64  251
19  65  75
19  66  75
19  67  75
19  68  75
19  69  75
19  70  75
19  71  75
20  5  358
20  8  1143
20  10  67
20  11  12
20  12  30
20  13  828
20  14  72
20  15  54
20  16  12
20  18  52
20  19  15
20  24  200
20  25  150
20  30  216
20  34  151
20  42  39
20  43  24
20  45  646
20  46  36
20  47  42
20  53  905
20  55  6
20  56  27
20  58  18
20  61  9
20  62  97
20  63  72
20  64  99
21  5  82
21  8  1102
21  10  55
21  11  12
21  12  24
21  13  3
21  14  153
21  15  54
21  16  12
21  18  25
21  19  15
21  26  165
21  27  230
21  30  30
21  34  3
21  36  94
21  42  39
21  43  24
21  45  21
21  46  36
21  47  42
21  53  811
21  55  6
21  56  27
21  58  18
21  61  9
21  62  79
21  63  60
21  64  106
22  6  373
22  8  1136
22  10  55
22  11  12
22  12  24
22  13  3
22  14  812
22  15  54
22  16  12
22  19  51
22  28  170
22  29  160
22  30  30
22  34  3
22  38  140
22  42  39
22  43  24
22  45  21
22  46  706
22  47  42
22  53  814
22  55  6
22  56  27
22  58  18
22  61  9
22  62  188
22  63  66
22  64  105
23  6  77
23  8  1171
23  10  55
23  11  9
23  12  24
23  13  3
23  14  72
23  15  54
23  16  12
23  19  54
23  30  220
23  31  195
23  34  3
23  40  151
23  42  39
23  43  24
23  45  21
23  46  222
23  47  42
23  53  726
23  55  6
23  56  27
23  58  18
23  61  21
23  62  103
23  63  66
23  64  95
23  65  3
23  67  29
24  1  307
24  8  1164
24  10  69
24  11  12
24  12  30
24  13  3
24  14  72
24  15  749
24  16  12
24  19  15
24  20  50
24  30  121
24  32  175
24  33  135
24  34  3
24  42  179
24  43  24
24  45  21
24  46  36
24  47  562
24  53  772
24  55  6
24  56  27
24  58  18
24  61  9
24  62  87
24  63  99
24  64  113
24  65  39
25  1  73
25  8  1156
25  10  57
25  11  12
25  12  24
25  13  3
25  14  178
25  15  54
25  16  12
25  19  15
25  20  30
25  30  30
25  34  188
25  35  180
25  42  39
25  43  24
25  44  111
25  45  21
25  46  36
25  47  42
25  53  978
25  55  6
25  56  27
25  58  18
25  61  9
25  62  88
25  63  75
25  64  93
25  65  43
26  2  361
26  8  1094
26  10  57
26  11  12
26  12  24
26  13  3
26  14  72
26  15  54
26  16  642
26  19  15
26  21  33
26  30  30
26  34  3
26  36  215
26  37  215
26  42  39
26  43  24
26  45  21
26  46  164
26  47  42
26  48  750
26  53  805
26  55  6
26  56  27
26  58  18
26  61  9
26  62  173
26  63  94
26  64  97
26  65  39
27  2  87
27  8  1203
27  10  57
27  11  12
27  12  24
27  13  3
27  14  72
27  15  54
27  16  12
27  19  15
27  21  49
27  30  30
27  34  3
27  38  195
27  39  225
27  42  39
27  43  24
27  45  21
27  46  177
27  47  42
27  48  184
27  53  769
27  55  6
27  56  27
27  58  17
27  61  21
27  62  103
27  63  65
27  64  73
27  65  95
28  5  340
28  8  1231
28  10  69
28  11  12
28  12  30
28  13  3
28  14  69
28  15  54
28  16  12
28  17  570
28  19  15
28  22  45
28  30  121
28  34  3
28  40  230
28  41  140
28  42  36
28  43  24
28  45  21
28  46  36
28  47  42
28  49  685
28  50  117
28  53  816
28  55  6
28  56  27
28  58  7
28  61  9
28  62  83
28  63  90
28  64  109
28  65  39
29  5  97
29  8  1186
29  10  54
29  11  12
29  12  24
29  13  3
29  14  188
29  15  54
29  16  12
29  19  15
29  22  32
29  30  30
29  34  3
29  42  269
29  43  259
29  45  21
29  46  36
29  47  42
29  52  119
29  53  880
29  55  6
29  56  27
29  58  18
29  61  9
29  62  88
29  63  68
29  64  112
29  65  42
30  6  1060
30  8  1572
30  9  150
30  10  206
30  11  162
30  12  504
30  13  153
30  14  222
30  15  204
30  16  507
30  17  150
30  18  715
30  19  165
30  20  501
30  21  150
30  22  150
30  23  188
30  24  480
30  25  150
30  26  150
30  27  150
30  28  480
30  29  150
30  31  150
30  32  492
30  33  150
30  34  153
30  35  150
30  36  480
30  37  150
30  38  150
30  39  150
30  40  150
30  41  150
30  42  189
30  43  174
30  44  310
30  45  336
30  46  186
30  47  192
30  48  150
30  49  150
30  50  720
30  51  150
30  52  150
30  53  1002
30  54  299
30  55  156
30  56  177
30  57  150
30  58  168
30  59  150
30  60  150
30  61  159
30  62  338
30  63  224
30  64  243
30  65  189
30  66  150
30  67  150
30  68  150
30  69  150
30  70  150
30  71  150
31  6  67
31  8  1138
31  10  55
31  11  12
31  12  24
31  13  3
31  14  72
31  15  54
31  16  12
31  19  15
31  23  39
31  30  30
31  34  3
31  42  39
31  43  24
31  45  21
31  46  342
31  47  187
31  53  762
31  55  6
31  56  173
31  58  18
31  61  21
31  62  91
31  63  60
31  64  77
31  65  99
32  1  422
32  8  1132
32  10  69
32  11  12
32  12  30
32  13  3
32  14  72
32  15  54
32  16  12
32  19  775
32  24  46
32  30  166
32  34  3
32  42  39
32  43  24
32  45  21
32  46  36
32  47  42
32  48  225
32  49  185
32  51  935
32  53  875
32  55  6
32  56  27
32  58  137
32  61  9
32  62  84
32  63  60
32  64  122
32  65  39
33  1  84
33  8  1165
33  10  57
33  11  12
33  12  24
33  13  3
33  14  153
33  15  54
33  16  12
33  19  15
33  24  27
33  30  30
33  34  3
33  42  39
33  43  24
33  45  21
33  46  36
33  47  42
33  50  150
33  51  245
33  53  894
33  55  6
33  56  27
33  58  18
33  60  103
33  61  9
33  62  81
33  63  60
33  64  102
33  65  39
34  2  412
34  8  1127
34  9  15
34  10  70
34  11  27
34  12  39
34  13  18
34  14  87
34  15  69
34  16  27
34  17  15
34  18  15
34  19  30
34  20  695
34  21  15
34  22  15
34  23  15
34  24  15
34  25  52
34  26  15
34  27  15
34  28  15
34  29  15
34  30  45
34  31  15
34  32  15
34  33  15
34  35  15
34  36  15
34  37  15
34  38  15
34  39  15
34  40  15
34  41  15
34  42  54
34  43  39
34  44  15
34  45  36
34  46  51
34  47  57
34  48  15
34  49  15
34  50  15
34  51  15
34  52  1135
34  53  1163
34  54  15
34  55  21
34  56  42
34  57  15
34  58  33
34  59  15
34  60  15
34  61  24
34  62  339
34  63  75
34  64  115
34  65  54
34  66  15
34  67  15
34  68  15
34  69  15
34  70  15
34  71  15
35  2  81
35  8  1127
35  10  57
35  11  12
35  12  24
35  13  3
35  14  72
35  15  54
35  16  12
35  19  15
35  25  36
35  30  30
35  34  3
35  42  39
35  43  24
35  45  21
35  46  152
35  47  42
35  52  10
35  53  854
35  54  180
35  55  211
35  56  27
35  58  16
35  61  21
35  62  97
35  63  72
35  64  210
35  65  89
36  5  354
36  8  1133
36  10  69
36  11  12
36  12  30
36  13  3
36  14  72
36  15  54
36  16  12
36  19  15
36  21  440
36  26  54
36  30  121
36  34  3
36  42  39
36  43  24
36  45  21
36  46  36
36  47  42
36  53  1787
36  55  6
36  56  252
36  57  160
36  58  18
36  61  9
36  62  94
36  63  66
36  64  80
36  65  39
36  66  153
37  5  105
37  8  1125
37  10  56
37  11  12
37  12  24
37  13  3
37  14  72
37  15  54
37  16  12
37  19  15
37  26  43
37  30  30
37  34  3
37  42  39
37  43  24
37  45  21
37  46  36
37  47  42
37  53  844
37  55  6
37  56  27
37  58  248
37  59  270
37  61  9
37  62  99
37  63  73
37  64  88
37  65  43
37  68  163
37  69  1
38  6  343
38  8  1160
38  10  55
38  11  12
38  12  24
38  13  3
38  14  72
38  15  54
38  16  12
38  19  15
38  22  670
38  27  41
38  30  30
38  34  3
38  42  39
38  43  24
38  45  21
38  46  36
38  47  42
38  53  790
38  54  665
38  55  6
38  56  27
38  58  18
38  60  190
38  61  209
38  62  79
38  63  66
38  64  70
38  65  37
38  70  153
39  6  93
39  8  1319
39  10  57
39  11  12
39  12  24
39  13  3
39  14  72
39  15  54
39  16  12
39  19  15
39  27  46
39  30  30
39  34  3
39  42  39
39  43  24
39  45  21
39  46  36
39  47  42
39  53  896
39  55  6
39  56  27
39  58  18
39  61  21
39  62  295
39  63  319
39  64  61
39  65  73
39  67  30
40  8  1132
40  10  227
40  11  12
40  12  30
40  13  3
40  14  72
40  15  54
40  16  12
40  19  15
40  23  725
40  28  55
40  30  30
40  34  3
40  42  39
40  43  24
40  45  21
40  46  36
40  47  42
40  53  847
40  55  771
40  56  27
40  58  18
40  61  9
40  62  88
40  63  68
40  64  386
40  65  232
40  73  385
41  8  1143
41  10  57
41  11  12
41  12  128
41  13  3
41  14  72
41  15  54
41  16  12
41  19  15
41  28  28
41  30  30
41  34  3
41  42  39
41  43  24
41  45  21
41  46  36
41  47  42
41  53  768
41  55  6
41  56  27
41  58  18
41  61  9
41  62  80
41  63  66
41  64  96
41  65  45
41  66  170
41  67  265
41  73  88
42  8  1204
42  9  195
42  10  250
42  11  207
42  12  219
42  13  183
42  14  445
42  15  249
42  16  207
42  17  195
42  18  195
42  19  210
42  20  195
42  21  195
42  22  195
42  23  195
42  24  835
42  25  195
42  26  195
42  27  195
42  28  180
42  29  242
42  30  225
42  31  195
42  32  195
42  33  195
42  34  198
42  35  195
42  36  195
42  37  195
42  38  195
42  39  195
42  40  195
42  41  195
42  43  219
42  44  195
42  45  216
42  46  231
42  47  237
42  48  195
42  49  195
42  50  195
42  51  195
42  52  195
42  53  1016
42  54  195
42  55  201
42  56  947
42  57  195
42  58  213
42  59  195
42  60  195
42  61  204
42  62  274
42  63  250
42  64  299
42  65  240
42  66  195
42  67  195
42  68  495
42  69  445
42  70  195
42  71  195
42  74  408
43  8  1308
43  9  120
43  10  175
43  11  132
43  12  144
43  13  123
43  14  192
43  15  174
43  16  317
43  17  120
43  18  120
43  19  135
43  20  120
43  21  120
43  22  120
43  23  120
43  24  120
43  25  120
43  26  120
43  27  120
43  28  120
43  29  167
43  30  150
43  31  120
43  32  120
43  33  120
43  34  123
43  35  120
43  36  120
43  37  120
43  38  120
43  39  120
43  40  120
43  41  120
43  42  159
43  44  120
43  45  141
43  46  156
43  47  162
43  48  120
43  49  120
43  50  120
43  51  120
43  52  120
43  53  1037
43  54  120
43  55  126
43  56  147
43  57  120
43  58  138
43  59  120
43  60  120
43  61  141
43  62  205
43  63  197
43  64  207
43  65  195
43  66  162
43  67  120
43  68  120
43  69  120
43  70  395
43  71  325
43  74  120
44  8  1036
44  10  69
44  11  12
44  12  33
44  13  3
44  14  72
44  15  54
44  16  12
44  18  106
44  19  15
44  25  525
44  30  72
44  34  3
44  42  39
44  43  24
44  45  21
44  46  36
44  47  42
44  53  852
44  55  6
44  56  24
44  57  565
44  58  18
44  61  9
44  62  79
44  63  92
44  64  118
44  65  3
44  66  48
44  77  224
45  8  1144
45  9  105
45  10  162
45  11  117
45  12  129
45  13  108
45  14  177
45  15  159
45  16  117
45  17  105
45  18  105
45  19  120
45  20  236
45  21  105
45  22  105
45  23  105
45  24  105
45  25  105
45  26  105
45  27  105
45  28  105
45  29  105
45  30  170
45  31  105
45  32  105
45  33  105
45  34  108
45  35  105
45  36  105
45  37  105
45  38  105
45  39  105
45  40  105
45  41  105
45  42  144
45  43  129
45  44  105
45  46  141
45  47  147
45  48  105
45  49  105
45  50  105
45  51  105
45  52  105
45  53  941
45  54  105
45  55  111
45  56  132
45  57  105
45  58  126
45  59  105
45  60  105
45  61  114
45  62  194
45  63  165
45  64  213
45  65  105
45  66  183
45  67  105
45  68  105
45  69  105
45  70  105
45  71  105
45  77  21
46  8  1313
46  9  180
46  10  236
46  11  522
46  12  204
46  13  183
46  14  252
46  15  564
46  16  192
46  17  180
46  18  180
46  19  525
46  20  180
46  21  180
46  22  317
46  23  524
46  24  180
46  25  180
46  26  790
46  27  510
46  28  180
46  29  180
46  30  210
46  31  547
46  32  180
46  33  180
46  34  183
46  35  510
46  36  180
46  37  180
46  38  180
46  39  180
46  40  180
46  41  180
46  42  219
46  43  204
46  44  180
46  45  201
46  47  222
46  48  180
46  49  180
46  50  180
46  51  180
46  52  180
46  53  1011
46  54  180
46  55  186
46  56  207
46  57  180
46  58  1048
46  59  180
46  60  180
46  61  189
46  62  259
46  63  240
46  64  301
46  65  180
46  66  258
46  67  180
46  68  180
46  69  180
46  70  180
46  71  180
46  78  877
47  8  1317
47  9  210
47  10  265
47  11  222
47  12  234
47  13  213
47  14  282
47  15  264
47  16  222
47  17  210
47  18  210
47  19  225
47  20  210
47  21  210
47  22  210
47  23  210
47  24  320
47  25  210
47  26  210
47  27  210
47  28  210
47  29  210
47  30  240
47  31  240
47  32  210
47  33  210
47  34  213
47  35  210
47  36  210
47  37  210
47  38  210
47  39  210
47  40  210
47  41  210
47  42  249
47  43  234
47  44  210
47  45  231
47  46  246
47  48  210
47  49  210
47  50  210
47  51  210
47  52  210
47  53  991
47  54  210
47  55  216
47  56  237
47  57  210
47  58  228
47  59  210
47  60  210
47  61  231
47  62  299
47  63  276
47  64  300
47  65  210
47  66  331
47  67  210
47  68  210
47  69  210
47  70  210
47  71  210
47  78  42
48  8  1136
48  10  67
48  11  12
48  12  30
48  13  3
48  14  72
48  15  54
48  16  12
48  19  15
48  26  162
48  27  890
48  30  30
48  32  55
48  34  3
48  42  39
48  43  24
48  45  21
48  46  36
48  47  42
48  53  904
48  55  6
48  56  27
48  58  18
48  59  960
48  61  9
48  62  89
48  63  60
48  64  90
48  66  54
48  73  373
49  8  1111
49  10  57
49  11  12
49  12  27
49  13  3
49  14  72
49  15  54
49  16  12
49  19  15
49  28  140
49  30  30
49  32  38
49  34  3
49  42  39
49  43  24
49  45  21
49  46  36
49  47  42
49  53  881
49  55  6
49  56  24
49  58  18
49  59  60
49  61  9
49  62  96
49  63  111
49  64  87
49  66  37
49  73  15
50  8  1113
50  10  55
50  11  12
50  12  24
50  13  3
50  14  72
50  15  54
50  16  12
50  19  15
50  28  530
50  30  150
50  33  33
50  34  3
50  42  39
50  43  24
50  45  21
50  46  36
50  47  42
50  53  853
50  55  6
50  56  27
50  58  18
50  60  590
50  61  9
50  62  82
50  63  60
50  64  89
50  66  55
50  74  228
51  8  1149
51  10  57
51  11  12
51  12  24
51  13  3
51  14  72
51  15  54
51  16  12
51  19  15
51  30  30
51  32  193
51  33  51
51  34  3
51  42  39
51  43  24
51  45  21
51  46  36
51  47  42
51  53  897
51  55  6
51  56  27
51  58  18
51  61  21
51  62  91
51  63  60
51  64  78
51  66  96
52  8  1128
52  10  68
52  11  12
52  12  30
52  13  3
52  14  72
52  15  54
52  16  12
52  19  15
52  29  575
52  30  30
52  34  246
52  35  4
52  42  39
52  43  24
52  45  21
52  46  36
52  47  42
52  53  899
52  55  6
52  56  27
52  58  18
52  61  749
52  62  92
52  63  60
52  64  81
52  66  44
52  77  266
53  8  2600
53  9  897
53  10  1044
53  11  913
53  12  934
53  13  1002
53  14  946
53  15  1103
53  16  1157
53  17  1084
53  18  953
53  19  919
53  20  1129
53  21  955
53  22  918
53  23  842
53  24  960
53  25  1206
53  26  1065
53  27  885
53  28  920
53  29  1096
53  30  1098
53  31  974
53  32  1051
53  33  1078
53  34  1060
53  35  1054
53  36  1274
53  37  949
53  38  978
53  39  1040
53  40  1019
53  41  924
53  42  1040
53  43  1165
53  44  1044
53  45  1093
53  46  975
53  47  931
53  48  1136
53  49  993
53  50  1037
53  51  1161
53  52  979
53  54  1032
53  55  1126
53  56  1078
53  57  1200
53  58  944
53  59  1139
53  60  1149
53  61  966
53  62  1213
53  63  1190
53  64  1116
53  65  1108
53  66  1013
53  67  979
53  68  1108
53  69  1067
53  70  1095
53  71  1104
53  77  78
54  8  1239
54  10  54
54  11  12
54  12  24
54  13  3
54  14  72
54  15  54
54  16  12
54  19  15
54  30  745
54  34  3
54  35  36
54  38  137
54  42  39
54  43  24
54  45  21
54  46  36
54  47  42
54  53  852
54  55  6
54  56  27
54  58  18
54  61  9
54  62  844
54  63  66
54  64  102
54  66  44
54  78  320
55  8  1174
55  9  30
55  10  84
55  11  42
55  12  54
55  13  33
55  14  102
55  15  84
55  16  42
55  17  30
55  18  30
55  19  45
55  20  30
55  21  30
55  22  30
55  23  30
55  24  30
55  25  30
55  26  30
55  27  30
55  28  30
55  29  30
55  30  60
55  31  30
55  32  30
55  33  30
55  34  33
55  35  71
55  36  30
55  37  30
55  38  30
55  39  30
55  40  189
55  41  30
55  42  69
55  43  54
55  44  30
55  45  51
55  46  66
55  47  72
55  48  30
55  49  30
55  50  30
55  51  30
55  52  30
55  53  978
55  54  30
55  56  57
55  57  30
55  58  48
55  59  30
55  60  30
55  61  51
55  62  118
55  63  117
55  64  108
55  65  30
55  66  121
55  67  59
55  68  30
55  69  30
55  70  30
55  71  30
55  78  6
56  8  1292
56  9  135
56  10  203
56  11  147
56  12  165
56  13  138
56  14  207
56  15  189
56  16  147
56  17  135
56  18  135
56  19  150
56  20  135
56  21  135
56  22  135
56  23  135
56  24  135
56  25  135
56  26  135
56  27  135
56  28  135
56  29  135
56  30  165
56  31  835
56  32  135
56  33  135
56  34  138
56  35  135
56  36  189
56  37  135
56  38  135
56  39  135
56  40  135
56  41  135
56  42  331
56  43  159
56  44  120
56  45  156
56  46  171
56  47  177
56  48  135
56  49  120
56  50  135
56  51  135
56  52  135
56  53  1010
56  54  135
56  55  141
56  57  135
56  58  151
56  59  135
56  60  135
56  61  144
56  62  227
56  63  1155
56  64  237
56  65  135
56  66  172
56  67  135
56  68  135
56  69  135
56  70  135
56  71  135
56  73  375
57  8  1160
57  10  56
57  11  12
57  12  24
57  13  3
57  14  72
57  15  54
57  16  12
57  19  15
57  30  30
57  34  3
57  36  32
57  42  39
57  43  24
57  44  119
57  45  21
57  46  36
57  47  42
57  53  948
57  55  6
57  56  27
57  58  18
57  61  9
57  62  90
57  63  98
57  64  92
57  66  47
57  73  2
58  8  1219
58  9  90
58  10  91
58  11  102
58  12  114
58  13  33
58  14  162
58  15  144
58  16  97
58  17  90
58  18  90
58  19  105
58  20  90
58  21  90
58  22  90
58  23  90
58  24  90
58  25  90
58  26  90
58  27  85
58  28  35
58  29  90
58  30  120
58  31  90
58  32  630
58  33  90
58  34  93
58  35  80
58  36  90
58  37  136
58  38  90
58  39  90
58  40  90
58  41  90
58  42  129
58  43  114
58  44  90
58  45  126
58  46  302
58  47  132
58  48  90
58  49  90
58  50  90
58  51  90
58  52  90
58  53  892
58  54  90
58  55  96
58  56  107
58  57  90
58  59  90
58  60  90
58  61  94
58  62  178
58  63  154
58  64  1001
58  65  90
58  66  132
58  67  90
58  68  90
58  69  90
58  70  90
58  71  90
58  74  295
59  8  1157
59  10  61
59  11  12
59  12  24
59  13  3
59  14  72
59  15  54
59  16  12
59  19  15
59  30  30
59  34  3
59  37  54
59  42  39
59  43  24
59  45  21
59  46  36
59  47  42
59  48  195
59  49  15
59  53  887
59  55  6
59  56  27
59  58  18
59  61  21
59  62  91
59  63  60
59  64  65
59  66  65
59  67  33
60  8  1029
60  10  69
60  11  12
60  12  30
60  13  3
60  14  72
60  15  54
60  16  12
60  19  15
60  30  30
60  33  490
60  34  3
60  38  48
60  42  39
60  43  24
60  45  21
60  46  36
60  47  42
60  50  130
60  53  885
60  55  6
60  56  27
60  58  18
60  61  9
60  62  83
60  63  60
60  64  103
60  65  720
60  66  46
60  77  242
61  8  1153
61  9  45
61  10  102
61  11  117
61  12  69
61  13  48
61  14  117
61  15  159
61  16  57
61  17  45
61  18  45
61  19  120
61  20  45
61  21  45
61  22  45
61  23  105
61  24  45
61  25  45
61  26  45
61  27  105
61  28  45
61  29  45
61  30  75
61  31  105
61  32  45
61  33  45
61  34  48
61  35  105
61  36  45
61  37  45
61  38  86
61  39  105
61  40  45
61  41  45
61  42  84
61  43  129
61  44  45
61  45  66
61  46  81
61  47  147
61  48  45
61  49  45
61  50  45
61  51  105
61  52  199
61  53  886
61  54  45
61  55  111
61  56  72
61  57  45
61  58  62
61  59  105
61  60  45
61  62  144
61  63  179
61  64  162
61  65  45
61  66  90
61  67  105
61  68  45
61  69  45
61  70  45
61  71  45
61  77  21
62  8  1481
62  9  366
62  10  763
62  11  426
62  12  391
62  13  372
62  14  797
62  15  451
62  16  377
62  17  372
62  18  725
62  19  404
62  20  367
62  21  367
62  22  707
62  23  391
62  24  364
62  25  367
62  26  708
62  27  394
62  28  352
62  29  365
62  30  738
62  31  396
62  32  367
62  33  367
62  34  1402
62  35  397
62  36  367
62  37  367
62  38  367
62  39  439
62  40  367
62  41  367
62  42  406
62  43  421
62  44  367
62  45  388
62  46  403
62  47  443
62  48  367
62  49  367
62  50  367
62  51  397
62  52  367
62  53  1296
62  54  526
62  55  403
62  56  394
62  57  367
62  58  385
62  59  397
62  60  366
62  61  375
62  63  470
62  64  448
62  65  367
62  66  1046
62  67  397
62  68  367
62  69  367
62  70  367
62  71  388
62  78  993
63  8  1458
63  9  206
63  10  261
63  11  242
63  12  228
63  13  212
63  14  282
63  15  261
63  16  231
63  17  211
63  18  220
63  19  254
63  20  208
63  21  204
63  22  206
63  23  210
63  24  248
63  25  208
63  26  224
63  27  204
63  28  226
63  29  212
63  30  248
63  31  204
63  32  204
63  33  204
63  34  207
63  35  208
63  36  222
63  37  213
63  38  222
63  39  267
63  40  212
63  41  222
63  42  242
63  43  249
63  44  248
63  45  225
63  46  240
63  47  248
63  48  204
63  49  255
63  50  204
63  51  204
63  52  204
63  53  1142
63  54  206
63  55  229
63  56  426
63  57  229
63  58  234
63  59  204
63  60  204
63  61  239
63  62  297
63  64  283
63  65  206
63  66  283
63  67  234
63  68  208
63  69  202
63  70  204
63  71  204
63  78  57
64  8  1306
64  9  235
64  10  278
64  11  227
64  12  267
64  13  237
64  14  335
64  15  244
64  16  301
64  17  330
64  18  347
64  19  223
64  20  160
64  21  173
64  22  166
64  23  168
64  24  186
64  25  178
64  26  182
64  27  114
64  28  236
64  29  233
64  30  200
64  31  126
64  32  215
64  33  203
64  34  203
64  35  778
64  36  133
64  37  153
64  38  111
64  39  82
64  40  297
64  41  229
64  42  240
64  43  184
64  44  246
64  45  238
64  46  290
64  47  201
64  48  175
64  49  164
64  50  166
64  51  135
64  52  138
64  53  1001
64  54  203
64  55  129
64  56  186
64  57  173
64  58  338
64  59  85
64  60  216
64  61  251
64  62  279
64  63  183
64  65  162
64  66  145
64  67  1092
64  68  119
64  69  100
64  70  72
64  71  57
64  73  410
65  8  1147
65  10  57
65  11  12
65  12  24
65  13  3
65  14  72
65  15  54
65  16  12
65  19  15
65  23  15
65  24  87
65  25  87
65  26  75
65  27  115
65  28  75
65  29  78
65  30  105
65  31  159
65  32  87
65  33  75
65  34  78
65  35  129
65  36  79
65  37  79
65  38  73
65  39  113
65  40  117
65  41  101
65  42  136
65  43  111
65  44  15
65  45  21
65  46  36
65  47  42
65  53  880
65  55  6
65  56  27
65  58  18
65  60  150
65  61  9
65  62  93
65  63  69
65  64  89
65  66  3
65  67  96
65  73  109
66  8  1073
66  10  57
66  11  12
66  12  24
66  13  3
66  14  72
66  15  54
66  16  12
66  19  15
66  30  30
66  34  3
66  36  710
66  41  34
66  42  39
66  43  102
66  44  81
66  45  133
66  46  144
66  47  219
66  48  75
66  49  73
66  50  84
66  51  144
66  52  92
66  53  913
66  54  92
66  55  141
66  56  108
66  57  73
66  58  116
66  59  57
66  60  102
66  61  102
66  62  307
66  63  146
66  64  96
66  65  15
66  67  37
66  68  960
66  74  430
67  8  1140
67  10  56
67  11  12
67  12  24
67  13  3
67  14  72
67  15  54
67  16  12
67  19  15
67  23  41
67  30  30
67  34  3
67  39  42
67  41  54
67  42  39
67  43  24
67  45  21
67  46  36
67  47  42
67  53  823
67  55  47
67  56  27
67  58  18
67  59  45
67  61  21
67  62  85
67  63  106
67  64  318
67  65  75
67  66  73
67  68  142
67  69  57
67  70  69
67  71  171
67  74  45
68  8  1146
68  10  72
68  11  12
68  12  33
68  13  3
68  14  72
68  15  54
68  16  12
68  19  15
68  30  30
68  34  3
68  37  800
68  42  108
68  43  24
68  45  21
68  46  36
68  47  42
68  53  888
68  55  6
68  56  27
68  58  18
68  61  9
68  62  91
68  63  74
68  64  75
68  66  201
68  67  53
68  69  940
68  77  348
69  8  1095
69  10  56
69  11  12
69  12  24
69  13  3
69  14  72
69  15  54
69  16  12
69  19  15
69  30  30
69  34  3
69  42  89
69  43  24
69  45  21
69  46  36
69  47  42
69  53  839
69  55  6
69  56  27
69  58  18
69  61  9
69  62  104
69  63  54
69  64  67
69  67  33
69  68  191
69  77  5
70  8  1107
70  10  57
70  11  12
70  12  24
70  13  3
70  14  72
70  15  54
70  16  12
70  19  15
70  30  30
70  34  3
70  38  740
70  42  39
70  43  79
70  45  21
70  46  36
70  47  42
70  53  863
70  55  6
70  56  27
70  58  18
70  61  9
70  62  79
70  63  73
70  64  39
70  67  33
70  71  21
70  78  342
71  8  1324
71  10  57
71  11  12
71  12  24
71  13  3
71  14  72
71  15  54
71  16  12
71  19  15
71  30  30
71  34  3
71  42  39
71  43  65
71  45  21
71  46  36
71  47  42
71  53  948
71  55  6
71  56  27
71  58  18
71  61  9
71  62  88
71  63  60
71  64  36
71  67  71
71  70  100
71  78  21
73  40  3820
73  41  870
73  48  3700
73  49  140
73  56  3750
73  57  20
73  64  4100
73  65  1080
74  42  4060
74  43  1200
74  50  2240
74  58  2930
74  66  4300
74  67  440
77  44  2225
77  45  210
77  52  2640
77  53  780
77  60  2420
77  61  210
77  68  3480
77  69  50
78  46  7900
78  47  420
78  54  3180
78  55  60
78  62  8120
78  63  570
78  70  3400
78  71  200
