0   0   0   0   0   0   0   0   0   0   0   0   0   0   0   0   0   0   0   0   0   0   0   0   0   0   0   0   0   0   0   0   0   0   0   0   0   0   0   0   0   0   0   0   0   0   0   0   0   0   0   0   0   0   0   0   0   0   0   0   0   0   0   0   0   0   0   0   0   0   0   0   0   0   0   0   0   0   0   0   
0   0   0   0   0   0   0   0   980   480   0   0   0   0   0   0   60   240   0   0   0   0   0   0   60   240   0   0   0   0   0   0   60   210   0   0   0   0   0   0   0   0   0   0   0   0   0   0   0   0   0   0   0   0   0   0   0   0   0   0   0   0   0   0   0   0   0   0   0   0   0   0   0   0   0   0   0   0   0   0   
0   0   0   0   0   0   0   0   0   0   840   1610   0   0   0   0   0   0   30   240   0   0   0   0   0   0   630   720   0   0   0   0   0   0   30   300   0   0   0   0   0   0   0   0   0   0   0   0   0   0   0   0   0   0   0   0   0   0   0   0   0   0   0   0   0   0   0   0   0   0   0   0   0   0   0   0   0   0   0   0   
0   0   0   0   0   0   0   0   0   0   0   0   0   0   0   0   0   0   0   0   0   0   0   0   0   0   0   0   0   0   0   0   0   0   0   0   0   0   0   0   0   0   0   0   0   0   0   0   0   0   0   0   0   0   0   0   0   0   0   0   0   0   0   0   0   0   0   0   0   0   0   0   0   0   0   0   0   0   0   0   
0   0   0   0   0   0   0   0   0   0   0   0   0   0   0   0   0   0   0   0   0   0   0   0   0   0   0   0   0   0   0   0   0   0   0   0   0   0   0   0   0   0   0   0   0   0   0   0   0   0   0   0   0   0   0   0   0   0   0   0   0   0   0   0   0   0   0   0   0   0   0   0   0   0   0   0   0   0   0   0   
0   0   0   0   0   0   0   0   0   0   0   0   780   690   0   0   0   0   0   0   10   240   0   0   0   0   0   0   0   450   0   0   0   0   0   0   150   210   0   0   0   0   0   0   0   0   0   0   0   0   0   0   0   0   0   0   0   0   0   0   0   0   0   0   0   0   0   0   0   0   0   0   0   0   0   0   0   0   0   0   
0   0   0   0   0   0   0   0   0   0   0   0   0   0   3950   510   0   0   0   0   0   0   20   240   0   0   0   0   0   0   4670   210   0   0   0   0   0   0   210   810   0   0   0   0   0   0   0   0   0   0   0   0   0   0   0   0   0   0   0   0   0   0   0   0   0   0   0   0   0   0   0   0   0   0   0   0   0   0   0   0   
0   0   0   0   0   0   0   0   0   0   0   0   0   0   0   0   0   0   0   0   0   0   0   0   0   0   0   0   0   0   0   0   0   0   0   0   0   0   0   0   0   0   0   0   0   0   0   0   0   0   0   0   0   0   0   0   0   0   0   0   0   0   0   0   0   0   0   0   0   0   0   0   0   0   0   0   0   0   0   0   
0   98   0   0   0   0   0   0   0   457   422   464   445   412   494   346   454   552   440   310   391   425   471   384   424   495   463   348   360   408   554   328   350   446   437   438   465   378   311   399   478   413   452   340   362   422   373   276   524   2215   504   398   291   413   366   391   398   388   330   469   433   396   335   292   452   331   350   484   238   391   353   358   0   0   0   0   0   0   0   0   
0   48   0   0   0   0   0   0   257   0   14   109   60   62   95   34   0   15   0   18   5   15   0   10   0   15   0   48   6   15   0   12   10   15   3   14   15   0   33   62   60   6   0   10   5   0   0   12   96   1504   54   53   10   9   5   0   0   6   21   13   0   18   6   18   0   30   5   13   15   18   0   18   0   0   0   0   0   0   0   0   
0   0   84   0   0   0   0   0   322   46   0   129   153   66   65   69   95   45   45   45   100   45   45   45   95   45   45   75   95   45   45   45   95   45   48   54   110   45   66   102   105   50   54   64   45   63   45   53   146   1901   95   114   45   72   45   63   45   63   45   63   45   63   156   45   45   45   45   45   45   45   45   45   0   0   0   0   0   0   0   0   
0   0   268   0   0   0   0   0   655   422   429   0   486   448   434   519   420   435   405   510   438   420   405   495   420   430   434   558   435   438   405   513   442   438   408   507   438   398   461   535   460   458   410   533   405   408   485   515   496   2270   438   619   419   428   400   485   390   420   450   475   390   390   420   485   390   440   400   465   420   390   390   480   0   0   0   0   0   0   0   0   
0   0   0   0   0   78   0   0   537   300   333   414   0   352   321   362   300   318   300   363   315   318   300   348   300   318   300   393   315   318   371   330   330   300   303   324   315   300   381   372   360   330   300   360   315   300   300   360   397   2809   396   381   330   309   315   300   300   330   360   300   300   300   330   330   300   360   315   300   345   300   300   300   0   0   0   0   0   0   0   0   
0   0   0   0   0   174   0   0   365   154   114   191   198   0   218   114   136   135   120   75   120   130   120   90   135   135   120   105   121   125   120   90   105   135   123   114   150   115   111   152   180   105   120   90   105   120   120   85   218   2605   209   157   90   119   105   120   121   105   99   128   120   138   105   108   120   93   105   133   75   138   120   138   0   0   0   0   0   0   0   0   
0   0   0   0   0   0   395   0   406   395   109   178   165   414   0   121   105   405   105   90   100   345   105   90   105   390   125   122   100   360   105   95   95   360   108   109   120   105   116   159   211   120   144   103   100   113   105   113   210   2644   199   171   95   152   100   143   105   118   105   133   105   123   183   95   105   95   100   105   90   105   105   125   0   0   0   0   0   0   0   0   
0   0   0   0   0   0   51   0   329   122   129   219   201   138   149   0   135   135   120   120   135   120   120   125   135   125   139   163   135   128   120   138   135   133   123   137   150   138   141   195   185   148   130   138   120   138   232   120   225   2581   198   262   129   148   120   130   122   120   125   125   120   120   120   120   120   120   120   120   120   120   120   130   0   0   0   0   0   0   0   0   
0   6   0   0   0   0   0   0   242   0   24   89   60   32   21   37   0   18   0   18   0   18   0   18   5   18   0   64   0   18   66   0   0   0   3   9   15   0   21   57   60   0   0   0   0   0   0   0   102   1443   88   45   0   9   0   0   0   5   10   0   0   0   0   0   0   0   0   0   0   0   0   0   0   0   0   0   0   0   0   0   
0   24   0   0   0   0   0   0   345   18   9   102   75   42   111   27   15   0   0   0   15   0   0   0   15   0   0   33   15   0   0   0   15   0   3   9   30   0   21   60   114   0   0   0   0   0   0   0   116   1171   71   48   0   9   0   0   0   0   30   18   0   18   0   3   0   18   0   18   0   18   0   18   0   0   0   0   0   0   0   0   
0   0   3   0   0   0   0   0   240   0   9   81   60   24   21   24   0   0   0   0   0   0   0   0   0   0   0   30   0   0   0   0   0   0   3   9   15   0   21   60   60   0   15   13   0   18   0   3   100   1711   95   69   0   27   0   8   0   23   10   18   0   18   66   0   0   0   0   0   0   0   0   0   0   0   0   0   0   0   0   0   
0   0   24   0   0   0   0   0   211   6   9   102   84   15   18   24   15   0   0   0   15   0   0   0   15   0   9   48   15   18   0   18   15   18   3   22   30   18   21   63   60   8   0   18   0   18   140   0   112   1847   58   137   9   18   0   0   0   0   0   0   0   0   0   0   3   0   0   0   0   0   0   0   0   0   0   0   0   0   0   0   
0   0   0   0   0   1   0   0   247   1   26   102   63   39   20   37   0   18   0   8   0   18   0   18   0   18   0   48   0   18   83   0   0   0   3   9   15   0   21   60   60   0   0   0   0   0   0   0   104   2185   83   45   0   9   0   0   0   0   0   0   0   0   5   0   0   0   0   0   0   0   0   0   0   0   0   0   0   0   0   0   
0   0   0   0   0   24   0   0   270   18   9   99   75   41   84   24   15   0   0   0   15   0   0   0   15   0   0   30   15   0   0   0   15   0   3   9   30   0   21   60   60   0   0   0   0   0   0   0   105   2331   63   42   0   9   0   0   0   0   15   18   0   18   0   8   0   18   0   13   0   18   0   18   0   0   0   0   0   0   0   0   
0   0   0   0   0   0   2   0   295   0   9   81   60   24   21   24   0   0   0   0   0   0   0   0   0   0   0   30   0   0   0   0   0   0   3   9   15   0   21   60   60   0   17   20   0   20   0   18   103   2565   63   55   0   27   0   18   0   13   0   18   0   18   66   0   0   10   0   0   0   0   0   0   0   0   0   0   0   0   0   0   
0   0   0   0   0   0   24   0   252   2   9   99   81   18   18   25   15   0   0   0   15   0   0   0   15   0   20   49   15   18   0   18   15   3   3   27   30   18   21   79   78   18   0   18   0   18   109   0   356   171   24   99   9   18   36   0   0   0   0   0   0   0   0   0   0   0   0   0   0   0   0   0   0   0   0   0   0   0   0   0   
0   6   0   0   0   0   0   0   236   0   24   84   60   27   21   42   1   18   0   18   0   18   0   18   0   18   0   48   5   18   73   10   0   0   3   9   15   0   21   60   60   0   0   0   0   0   0   0   105   1164   139   60   19   9   0   0   0   0   0   0   0   0   5   10   0   0   0   0   0   0   0   0   0   0   0   0   0   0   0   0   
0   24   0   0   0   0   0   0   280   18   9   101   75   42   103   25   15   0   0   0   15   0   0   0   15   0   0   31   15   0   0   0   15   0   3   9   30   0   21   61   78   0   0   0   0   0   0   0   110   799   122   27   19   9   0   0   0   0   20   3   0   8   0   18   0   18   0   13   0   18   0   18   0   0   0   0   0   0   0   0   
0   0   63   0   0   0   0   0   256   0   9   130   60   24   25   71   0   0   0   45   0   0   0   50   0   0   0   87   0   0   0   50   0   0   3   64   15   0   21   62   94   0   25   3   0   18   0   3   113   1251   113   48   22   27   0   18   0   18   0   18   0   18   84   0   0   0   0   0   0   0   0   0   0   0   0   0   0   0   0   0   
0   0   177   0   0   0   0   0   367   156   159   268   234   165   178   189   169   165   150   165   165   150   150   173   165   155   181   0   165   168   150   184   165   168   153   178   180   168   171   228   215   178   160   168   150   168   291   150   266   1642   235   192   261   178   150   160   150   150   155   155   150   150   150   150   150   150   150   150   150   150   150   160   0   0   0   0   0   0   0   0   
0   0   0   0   0   0   0   0   224   2   24   92   63   29   20   37   0   18   0   18   0   18   0   18   1   18   0   48   0   18   77   0   0   0   3   9   15   0   21   60   60   0   0   0   0   0   0   0   104   1856   104   6   39   9   0   0   0   0   0   0   0   0   0   0   0   0   0   0   0   0   0   0   0   0   0   0   0   0   0   0   
0   0   0   0   0   150   0   0   253   18   9   114   75   40   77   39   15   0   0   15   15   0   0   15   15   0   0   45   15   0   0   15   15   0   3   26   30   0   21   60   60   0   0   0   0   0   0   0   103   2284   125   6   42   9   0   0   0   0   15   13   0   8   0   18   0   8   0   13   0   18   0   18   0   0   0   0   0   0   0   0   
0   0   0   0   0   0   467   0   579   0   9   81   315   24   21   24   255   0   0   0   335   0   0   0   265   0   0   30   360   0   0   0   385   0   3   9   270   0   21   60   60   0   15   3   0   8   0   18   101   2386   136   19   42   27   0   18   0   18   0   18   0   18   56   0   0   0   0   0   0   0   0   0   0   0   0   0   0   0   0   0   
0   0   0   0   0   0   21   0   214   4   9   114   66   18   19   39   0   0   0   15   0   0   0   15   2   0   15   53   0   18   0   0   0   8   3   42   15   18   21   78   60   18   0   18   0   18   99   0   113   2406   102   6   123   18   0   0   0   0   0   0   0   0   0   0   0   0   0   0   0   0   0   0   0   0   0   0   0   0   0   0   
0   6   0   0   0   0   0   0   220   2   24   98   66   31   19   32   0   18   0   18   0   18   0   18   0   18   0   48   0   18   112   0   0   0   3   14   15   0   21   60   60   0   0   0   0   0   0   0   108   817   128   6   47   9   0   0   0   0   0   0   0   0   0   0   0   10   5   0   0   0   0   0   0   0   0   0   0   0   0   0   
0   21   0   0   0   0   0   0   242   18   9   114   60   42   97   39   0   0   0   15   0   0   0   15   0   0   0   45   0   0   0   15   0   0   3   24   15   0   21   60   63   0   0   0   0   0   0   0   102   572   104   6   81   9   0   0   0   0   15   13   0   13   0   18   0   18   0   8   0   18   0   18   0   0   0   0   0   0   0   0   
0   0   3   0   0   0   0   0   277   15   24   96   75   39   36   39   15   15   15   15   15   15   15   15   15   15   15   45   15   15   15   15   15   15   0   24   30   15   36   75   75   15   30   23   15   34   15   33   120   844   116   34   82   42   15   23   15   33   15   33   15   33   91   15   15   15   15   15   15   15   15   15   0   0   0   0   0   0   0   0   
0   0   30   0   0   0   0   0   290   46   54   156   108   66   65   84   45   45   45   60   45   45   45   60   45   45   66   108   45   63   45   63   46   63   48   0   60   63   66   123   105   63   45   63   45   63   166   45   153   1148   132   51   177   63   45   45   45   45   45   45   45   45   45   45   45   45   45   45   45   45   45   45   0   0   0   0   0   0   0   0   
0   0   0   0   0   15   0   0   350   75   99   174   135   117   96   112   75   83   75   93   75   93   75   93   75   93   75   123   75   93   141   75   75   75   78   84   0   75   96   135   135   75   75   75   75   75   75   75   176   1617   156   81   131   84   75   75   75   75   75   75   75   75   75   75   75   75   75   75   75   75   75   75   0   0   0   0   0   0   0   0   
0   0   0   0   0   21   0   0   223   0   9   93   60   23   21   39   0   0   0   15   0   0   0   15   0   0   0   45   0   0   0   15   0   0   3   24   15   0   21   60   60   0   0   0   0   0   0   0   93   1997   97   6   47   9   0   0   0   0   0   0   0   0   0   0   0   0   0   0   0   0   0   0   0   0   0   0   0   0   0   0   
0   0   0   0   0   0   21   0   280   109   114   195   177   123   124   129   105   105   105   105   105   105   105   105   105   105   105   135   105   105   105   105   105   105   108   114   120   105   0   165   167   105   105   105   105   105   105   105   201   2153   182   111   149   114   105   105   105   105   105   105   105   105   105   105   105   105   105   105   105   105   105   105   0   0   0   0   0   0   0   0   
0   0   0   0   0   0   81   0   487   286   294   395   348   304   315   324   285   300   300   315   300   300   300   320   300   305   310   345   300   300   300   315   300   300   303   324   315   300   321   0   366   310   310   300   300   300   300   300   406   2667   354   306   424   328   345   310   300   300   305   305   300   300   300   300   300   300   300   300   300   300   300   310   0   0   0   0   0   0   0   0   
0   0   0   0   0   0   0   0   362   108   117   188   168   132   173   133   108   171   108   108   108   108   108   129   108   129   148   139   108   108   108   108   108   108   111   117   123   108   139   174   0   140   140   108   108   108   108   108   205   678   204   114   169   149   108   140   108   108   124   120   108   108   108   108   108   108   108   108   123   108   108   140   0   24   0   0   0   0   0   0   
0   0   0   0   0   0   0   0   273   2   10   104   66   21   24   41   0   0   0   15   0   0   0   15   0   0   0   47   0   0   0   15   0   0   3   24   15   0   21   62   92   0   0   0   0   0   0   0   103   192   96   6   51   9   0   0   0   0   0   0   0   0   0   0   0   0   0   0   0   0   0   0   0   21   0   0   0   0   0   0   
0   0   0   0   0   0   0   0   256   0   54   82   60   24   70   26   0   0   50   0   0   0   55   0   0   0   50   32   0   0   50   0   0   0   53   9   15   0   21   62   92   0   0   0   0   0   0   0   97   407   92   6   44   9   0   0   0   0   0   0   0   0   0   0   0   0   0   0   0   0   0   0   0   0   63   0   0   0   0   0   
0   0   0   0   0   0   0   0   212   2   31   120   72   18   34   39   0   0   15   15   0   0   25   15   0   0   15   45   0   0   15   15   0   0   18   24   15   0   21   60   60   0   0   0   0   0   0   0   103   760   55   6   88   86   0   0   0   0   0   0   0   0   0   0   0   0   0   0   0   0   0   0   0   0   132   0   0   0   0   0   
0   0   0   0   0   0   0   0   206   1   9   81   63   21   20   24   0   0   0   0   0   0   0   0   0   0   0   30   0   0   0   0   0   0   3   9   15   0   21   60   60   0   0   0   0   0   0   0   95   1175   142   6   39   9   0   0   1   0   0   0   0   0   0   0   0   0   0   0   0   0   0   0   0   0   0   0   0   0   0   0   
0   0   0   0   0   0   0   0   218   0   24   93   60   24   36   39   0   0   15   15   0   0   25   15   0   0   15   45   0   0   15   15   0   0   23   24   15   0   21   60   60   0   0   0   0   0   0   0   92   1491   123   6   39   9   0   0   0   0   0   0   0   0   0   0   0   0   0   0   0   0   0   0   0   0   0   0   0   132   0   0   
0   0   0   0   0   0   0   0   205   0   9   468   60   24   21   424   0   0   0   535   0   0   0   385   0   0   0   570   0   0   0   410   0   0   3   364   15   0   21   60   60   0   0   0   0   0   0   0   91   1844   129   6   73   9   0   0   0   0   0   0   0   0   0   0   0   0   0   0   0   0   0   0   0   0   0   0   0   0   599   0   
0   0   0   0   0   0   0   0   170   4   24   103   72   17   34   24   0   0   15   0   0   0   15   0   0   0   15   30   0   0   15   0   0   0   18   9   15   0   21   60   60   0   0   0   0   0   0   0   100   2110   74   6   72   71   0   0   2   0   0   0   0   0   0   0   0   0   0   0   0   0   0   0   0   0   0   0   0   0   21   0   
0   0   0   0   0   0   0   0   681   435   454   553   495   464   486   489   437   500   435   468   440   443   440   729   450   470   480   505   450   455   445   485   447   435   438   474   450   425   461   537   495   458   440   485   428   421   420   480   0   887   504   476   436   485   425   475   420   430   445   470   420   420   430   465   420   441   425   465   436   420   420   486   0   108   0   0   0   0   0   0   
0   0   0   0   0   0   0   0   3617   2782   3332   3449   4386   4371   4370   4253   2677   2071   3189   3383   4011   4104   4559   383   2245   1485   2235   2786   3414   4049   4201   4138   1552   1229   1627   2042   2806   3607   3701   4193   1188   440   830   1499   2209   2764   3395   3785   964   0   818   1336   1880   2124   2988   3409   969   596   1229   1657   2231   2868   3828   3676   1788   944   1775   2616   2405   3471   4034   4339   0   81   0   0   0   0   0   0   
0   0   0   0   0   0   0   0   324   82   91   126   212   153   199   114   116   119   139   70   95   87   87   24   271   270   249   187   220   277   264   158   236   220   208   168   164   145   146   126   200   140   136   67   282   271   289   122   244   461   0   121   93   173   129   46   147   122   174   57   103   119   98   100   116   111   139   103   67   85   68   24   0   0   15   0   0   0   0   0   
0   0   0   0   0   0   0   0   306   121   147   335   201   157   178   206   117   120   138   213   105   102   117   171   117   111   129   72   30   30   45   30   30   30   48   39   45   30   51   90   90   30   30   30   30   30   30   30   129   686   101   0   39   181   30   30   30   30   30   30   30   30   30   30   31   30   30   30   30   30   30   30   0   0   156   0   0   0   0   0   
0   0   0   0   0   0   0   0   159   2   9   127   66   18   19   69   0   0   0   45   0   0   0   45   7   7   10   261   87   90   90   207   104   132   124   258   120   98   116   207   157   91   92   111   87   87   108   108   120   956   81   51   0   51   0   45   0   0   0   45   0   0   0   45   0   0   0   45   0   0   0   0   0   0   0   0   0   156   0   0   
0   0   0   0   0   0   0   0   289   45   69   172   105   67   85   116   45   45   60   90   45   45   60   90   45   45   60   122   45   45   60   90   45   45   63   99   60   45   66   152   137   45   45   242   45   45   45   191   201   1288   221   321   135   0   138   210   138   144   143   150   132   132   138   153   134   132   136   153   75   75   45   45   0   0   0   0   0   180   0   0   
0   0   0   0   0   0   0   0   214   1   9   80   63   21   20   24   0   0   0   0   0   0   0   60   0   0   0   30   0   0   0   0   0   0   3   9   15   0   21   141   60   0   0   0   0   0   0   0   91   1593   77   6   0   54   0   83   0   0   0   123   0   0   0   88   0   0   0   111   42   42   90   102   0   0   0   0   0   0   18   0   
0   0   0   0   0   0   0   0   223   0   24   97   60   24   40   26   0   0   15   0   0   0   15   0   0   0   15   32   0   0   15   0   0   0   18   9   15   0   21   62   92   0   0   0   0   0   0   0   101   1902   46   6   9   154   43   0   0   0   0   0   0   0   0   0   0   0   0   0   0   0   0   0   0   0   0   0   0   0   21   0   
0   0   0   0   0   0   0   0   214   0   9   78   60   29   21   34   0   0   0   0   0   0   0   0   0   0   0   30   0   0   0   0   0   0   3   9   15   0   21   60   60   0   0   0   5   0   0   10   89   468   99   6   0   66   0   0   0   0   0   0   0   0   0   0   0   0   0   0   0   0   0   0   0   6   0   0   0   0   0   0   
0   0   0   0   0   0   0   0   208   2   24   85   66   21   35   24   1   0   16   0   0   0   15   0   0   0   15   30   0   0   15   0   0   0   18   9   15   0   21   60   60   0   0   0   0   0   0   0   92   258   74   6   0   48   0   0   0   0   0   0   0   0   0   0   0   0   0   0   0   0   0   0   0   21   0   0   0   0   0   0   
0   0   0   0   0   0   0   0   206   49   9   92   72   63   21   25   2   50   2   0   0   50   0   0   0   50   0   31   0   50   0   0   0   50   3   9   15   0   21   61   76   0   0   0   0   0   0   0   93   609   106   6   0   55   0   0   0   0   0   0   0   0   0   0   0   0   0   0   0   0   0   0   0   0   63   0   0   0   0   0   
0   0   0   0   0   0   0   0   253   15   25   95   60   39   38   25   0   16   15   0   0   18   15   0   0   15   15   31   0   15   15   0   0   15   18   9   15   0   21   61   64   0   0   0   0   0   0   0   100   832   69   6   9   96   51   0   0   0   0   0   0   0   0   0   0   0   0   0   0   0   0   0   0   0   132   0   0   0   0   0   
0   0   0   0   0   0   0   0   241   0   9   78   60   24   21   24   0   0   0   0   0   0   0   0   0   0   0   30   0   0   0   0   0   0   3   9   15   0   21   60   60   0   0   0   0   0   0   0   88   1194   51   6   0   48   0   0   0   0   0   0   0   0   0   0   0   0   0   0   0   0   0   0   0   0   0   0   0   0   0   0   
0   0   0   0   0   0   0   0   220   17   24   78   60   39   36   24   0   17   15   0   0   15   15   0   0   15   15   30   0   15   15   0   0   17   18   9   15   0   21   60   60   0   0   0   0   0   0   0   88   1607   71   6   0   48   0   0   0   0   0   0   0   0   0   0   0   0   0   0   0   0   0   0   0   0   0   0   0   132   0   0   
0   0   0   0   0   0   0   0   183   2   409   85   66   21   285   24   0   0   255   0   1   0   255   0   1   0   270   30   0   0   255   0   0   0   258   9   15   0   21   60   60   0   0   0   0   0   0   0   89   2086   66   6   0   54   0   0   0   0   0   0   0   0   0   0   0   0   0   0   0   0   0   0   0   0   0   0   0   0   377   0   
0   0   0   0   0   0   0   0   172   17   9   97   66   33   19   24   0   15   0   0   0   15   0   0   2   15   0   30   0   15   0   0   0   15   3   9   15   0   21   60   60   0   0   0   0   0   0   0   97   2056   68   6   9   81   44   0   0   0   0   0   0   0   0   0   0   0   0   0   0   0   0   0   0   0   0   0   0   0   21   0   
0   0   0   0   0   0   0   0   236   0   9   78   60   24   21   24   0   0   0   15   0   0   0   0   0   0   0   30   0   0   0   0   0   0   3   9   15   0   21   60   60   0   0   0   0   0   0   0   91   918   72   11   0   50   0   0   0   0   0   0   0   0   0   0   0   0   0   0   0   0   0   0   0   6   0   0   0   0   0   0   
0   0   0   0   0   0   0   0   191   19   9   90   72   33   19   24   0   15   0   0   0   15   2   0   0   15   0   30   0   15   0   0   2   15   3   9   15   0   21   60   60   0   0   0   0   0   0   0   96   440   71   6   0   48   0   0   0   0   0   0   0   0   0   0   0   0   0   0   0   0   0   0   0   21   0   0   0   0   0   0   
0   0   0   0   0   0   0   0   186   1   9   80   63   21   20   24   0   0   0   0   0   0   0   0   0   0   0   30   0   0   0   0   1   0   3   9   15   0   21   60   60   0   0   0   0   0   0   0   91   937   79   6   0   52   0   0   0   0   0   0   0   0   0   0   0   0   0   0   0   0   0   0   0   0   0   0   0   0   0   0   
0   0   0   0   0   0   0   0   268   15   9   93   60   39   21   24   0   15   0   0   0   15   0   0   0   15   0   30   0   15   0   0   0   15   3   9   15   0   21   60   60   0   0   0   0   0   0   0   100   1398   67   6   9   81   51   0   0   0   0   0   0   0   0   0   0   0   0   0   0   0   0   0   0   0   21   0   0   0   0   0   
0   0   0   0   0   0   0   0   142   3   9   85   69   15   18   24   0   0   0   0   0   0   0   0   0   0   0   30   0   0   0   0   0   0   3   9   15   0   21   60   63   0   0   0   0   0   0   0   94   1305   55   6   0   15   30   0   0   0   0   0   0   0   0   0   0   0   0   0   0   0   0   0   0   0   0   0   0   0   0   0   
0   0   0   0   0   0   0   0   223   15   9   78   60   39   21   24   0   15   0   0   0   15   0   0   0   15   0   30   0   15   0   0   0   15   3   9   15   0   21   60   60   0   0   0   0   0   0   0   92   1854   61   6   0   15   30   0   0   0   0   0   0   0   0   0   0   0   0   0   0   0   0   0   0   0   0   0   0   21   0   0   
0   0   0   0   0   0   0   0   201   0   9   78   60   24   21   24   0   0   0   0   0   0   0   0   0   0   0   30   0   0   0   0   0   0   3   9   15   0   21   60   60   0   0   0   0   0   0   0   92   2228   56   6   0   9   57   0   0   0   0   0   0   0   0   0   0   0   0   0   0   0   0   0   0   0   0   0   0   0   0   0   
0   0   0   0   0   0   0   0   222   15   9   96   60   39   25   26   0   15   0   0   0   15   0   0   0   15   0   32   0   15   0   0   0   15   3   9   15   0   21   62   92   0   0   0   0   0   0   0   115   2448   24   6   0   9   78   0   0   0   0   0   0   0   0   0   0   0   0   0   0   0   0   0   0   0   0   0   0   0   21   0   
0   0   0   0   0   0   0   0   0   0   0   0   0   0   0   0   0   0   0   0   0   0   0   0   0   0   0   0   0   0   0   0   0   0   0   0   0   0   0   0   0   0   0   0   0   0   0   0   0   0   0   0   0   0   0   0   0   0   0   0   0   0   0   0   0   0   0   0   0   0   0   0   0   0   0   0   0   0   0   0   
0   0   0   0   0   0   0   0   0   0   0   0   0   0   0   0   0   0   0   0   0   0   0   0   0   0   0   0   0   0   0   0   0   0   0   0   0   0   0   0   240   210   0   0   0   0   0   0   1080   810   0   0   0   0   0   0   60   210   0   0   0   0   0   0   60   210   0   0   0   0   0   0   0   0   0   0   0   0   0   0   
0   0   0   0   0   0   0   0   0   0   0   0   0   0   0   0   0   0   0   0   0   0   0   0   0   0   0   0   0   0   0   0   0   0   0   0   0   0   0   0   0   0   630   420   0   0   0   0   0   0   150   1560   0   0   0   0   0   0   630   420   0   0   0   0   0   0   0   210   0   0   0   0   0   0   0   0   0   0   0   0   
0   0   0   0   0   0   0   0   0   0   0   0   0   0   0   0   0   0   0   0   0   0   0   0   0   0   0   0   0   0   0   0   0   0   0   0   0   0   0   0   0   0   0   0   0   0   0   0   0   0   0   0   0   0   0   0   0   0   0   0   0   0   0   0   0   0   0   0   0   0   0   0   0   0   0   0   0   0   0   0   
0   0   0   0   0   0   0   0   0   0   0   0   0   0   0   0   0   0   0   0   0   0   0   0   0   0   0   0   0   0   0   0   0   0   0   0   0   0   0   0   0   0   0   0   0   0   0   0   0   0   0   0   0   0   0   0   0   0   0   0   0   0   0   0   0   0   0   0   0   0   0   0   0   0   0   0   0   0   0   0   
0   0   0   0   0   0   0   0   0   0   0   0   0   0   0   0   0   0   0   0   0   0   0   0   0   0   0   0   0   0   0   0   0   0   0   0   0   0   0   0   0   0   0   0   0   420   0   0   0   0   0   0   1560   1800   0   0   0   0   0   0   0   420   0   0   0   0   0   0   0   210   0   0   0   0   0   0   0   0   0   0   
0   0   0   0   0   0   0   0   0   0   0   0   0   0   0   0   0   0   0   0   0   0   0   0   0   0   0   0   0   0   0   0   0   0   0   0   0   0   0   0   0   0   0   0   0   0   5920   210   0   0   0   0   0   0   180   210   0   0   0   0   0   0   3770   210   0   0   0   0   0   0   0   210   0   0   0   0   0   0   0   0   
0   0   0   0   0   0   0   0   0   0   0   0   0   0   0   0   0   0   0   0   0   0   0   0   0   0   0   0   0   0   0   0   0   0   0   0   0   0   0   0   0   0   0   0   0   0   0   0   0   0   0   0   0   0   0   0   0   0   0   0   0   0   0   0   0   0   0   0   0   0   0   0   0   0   0   0   0   0   0   0   
