0   0   0   0   0   0   0   0   0   0   0   0   0   0   0   0   0   0   0   0   0   0   0   0   0   0   0   0   0   0   0   0   0   0   0   0   0   0   0   0   0   0   0   0   0   0   0   0   0   0   0   0   0   0   0   0   0   0   0   0   0   0   0   0   0   0   0   0   0   0   0   0   0   0   0   0   0   0   0   0   
0   0   0   0   0   0   0   0   2160   1520   0   0   0   0   0   0   1380   1580   0   0   0   0   0   0   1500   2030   0   0   0   0   0   0   110   1040   0   0   0   0   0   0   0   0   0   0   0   0   0   0   0   0   0   0   0   0   0   0   0   0   0   0   0   0   0   0   0   0   0   0   0   0   0   0   0   0   0   0   0   0   0   0   
0   0   0   0   0   0   0   0   0   0   1560   1280   0   0   0   0   0   0   1310   970   0   0   0   0   0   0   1190   540   0   0   0   0   0   0   750   380   0   0   0   0   0   0   0   0   0   0   0   0   0   0   0   0   0   0   0   0   0   0   0   0   0   0   0   0   0   0   0   0   0   0   0   0   0   0   0   0   0   0   0   0   
0   0   0   0   0   0   0   0   0   0   0   0   0   0   0   0   0   0   0   0   0   0   0   0   0   0   0   0   0   0   0   0   0   0   0   0   0   0   0   0   0   0   0   0   0   0   0   0   0   0   0   0   0   0   0   0   0   0   0   0   0   0   0   0   0   0   0   0   0   0   0   0   0   0   0   0   0   0   0   0   
0   0   0   0   0   0   0   0   0   0   0   0   0   0   0   0   0   0   0   0   0   0   0   0   0   0   0   0   0   0   0   0   0   0   0   0   0   0   0   0   0   0   0   0   0   0   0   0   0   0   0   0   0   0   0   0   0   0   0   0   0   0   0   0   0   0   0   0   0   0   0   0   0   0   0   0   0   0   0   0   
0   0   0   0   0   0   0   0   0   0   0   0   2020   1540   0   0   0   0   0   0   350   660   0   0   0   0   0   0   1230   490   0   0   0   0   0   0   20   360   0   0   0   0   0   0   0   0   0   0   0   0   0   0   0   0   0   0   0   0   0   0   0   0   0   0   0   0   0   0   0   0   0   0   0   0   0   0   0   0   0   0   
0   0   0   0   0   0   0   0   0   0   0   0   0   0   4200   2070   0   0   0   0   0   0   1670   1650   0   0   0   0   0   0   3560   380   0   0   0   0   0   0   240   520   0   0   0   0   0   0   0   0   0   0   0   0   0   0   0   0   0   0   0   0   0   0   0   0   0   0   0   0   0   0   0   0   0   0   0   0   0   0   0   0   
0   0   0   0   0   0   0   0   0   0   0   0   0   0   0   0   0   0   0   0   0   0   0   0   0   0   0   0   0   0   0   0   0   0   0   0   0   0   0   0   0   0   0   0   0   0   0   0   0   0   0   0   0   0   0   0   0   0   0   0   0   0   0   0   0   0   0   0   0   0   0   0   0   0   0   0   0   0   0   0   
0   216   0   0   0   0   0   0   0   70   677   70   86   70   68   74   729   80   98   71   70   373   166   138   69   71   68   2704   66   46   227   78   46   46   208   46   48   44   64   46   44   44   44   46   46   70   88   58   46   44   50   44   44   44   52   44   71   54   44   48   44   44   44   46   84   73   44   46   44   44   44   42   0   0   0   0   0   0   0   0   
0   152   0   0   0   0   0   0   70   0   381   0   18   0   68   4   371   10   28   2   0   78   96   58   21   25   22   2505   20   0   79   33   0   0   165   0   2   0   22   0   0   0   0   0   0   24   42   14   2   0   6   0   0   0   8   0   28   10   0   2   0   0   0   0   38   28   0   0   0   0   0   0   0   0   0   0   0   0   0   0   
0   0   156   0   0   0   0   0   657   414   0   384   441   401   309   303   534   94   118   100   80   76   330   142   102   122   93   2012   72   0   231   92   20   59   204   52   2   31   43   45   12   35   18   0   42   78   67   14   59   4   7   71   0   97   58   87   53   142   438   285   350   364   340   49   487   422   384   414   480   414   387   440   0   0   0   0   0   0   0   0   
0   0   128   0   0   0   0   0   70   0   320   0   18   0   0   4   320   10   28   2   0   10   84   72   21   25   22   2489   20   0   84   33   0   0   166   0   2   0   23   0   0   0   0   0   0   24   110   14   2   0   6   0   0   0   8   0   28   10   0   2   0   0   0   0   38   28   0   0   0   0   0   0   0   0   0   0   0   0   0   0   
0   0   0   0   0   202   0   0   158   90   530   90   0   90   90   94   530   100   118   92   90   142   186   144   20   25   22   2472   20   0   184   32   0   0   164   0   2   0   23   0   0   0   0   0   0   24   42   14   2   0   6   0   0   0   8   0   28   10   0   2   0   0   0   0   38   28   0   0   0   0   0   0   0   0   0   0   0   0   0   0   
0   0   0   0   0   154   0   0   70   0   405   0   18   0   80   4   410   10   28   2   0   64   94   62   20   25   22   2589   20   0   84   32   0   0   166   0   2   0   24   0   0   0   0   0   0   24   42   14   2   0   6   0   0   0   8   0   28   10   0   2   0   0   0   0   38   28   0   0   0   0   0   0   0   0   0   0   0   0   0   0   
0   0   0   0   0   0   445   0   68   190   495   0   18   200   0   4   460   200   28   2   0   314   100   58   20   187   22   2741   20   160   67   27   0   150   165   0   2   0   23   0   0   0   0   0   0   24   42   14   2   0   6   0   0   0   8   0   28   10   0   2   0   0   80   0   38   28   0   0   0   0   0   0   0   0   0   0   0   0   0   0   
0   0   0   0   0   0   207   0   90   20   595   20   38   20   20   0   730   30   48   22   20   30   112   92   40   45   42   2892   40   20   114   35   20   20   186   20   22   20   44   20   20   20   20   20   20   44   142   34   22   20   26   20   20   20   28   20   48   30   20   22   20   20   20   20   58   48   20   20   20   20   20   20   0   0   0   0   0   0   0   0   
0   138   0   0   0   0   0   0   663   422   793   384   441   402   335   362   0   104   119   118   62   120   293   158   114   192   465   2114   388   294   472   105   0   83   223   54   2   33   43   27   32   18   30   0   43   68   60   24   2   66   6   75   0   71   75   63   74   74   82   9   25   52   77   14   468   447   384   419   482   416   391   416   0   0   0   0   0   0   0   0   
0   158   0   0   0   0   0   0   120   50   395   50   68   50   118   54   445   0   78   52   50   62   166   98   71   75   72   2503   70   50   130   82   50   50   215   50   52   50   74   50   50   50   50   50   50   74   92   64   52   50   56   50   50   50   58   50   78   60   50   52   50   50   50   50   88   78   50   50   50   50   50   50   0   0   0   0   0   0   0   0   
0   0   131   0   0   0   0   0   210   140   480   140   158   140   140   144   500   150   0   142   140   152   260   198   21   25   22   2485   20   0   80   33   0   0   166   0   2   0   22   0   0   0   0   0   0   24   42   14   2   0   6   0   0   0   8   0   28   10   0   2   0   0   68   0   38   28   0   0   0   0   0   0   0   0   0   0   0   0   0   0   
0   0   97   0   0   0   0   0   79   10   360   10   28   10   10   14   415   20   38   0   10   22   94   84   21   25   22   2399   20   0   85   33   0   0   166   0   2   0   23   0   0   0   0   0   0   24   110   14   2   0   6   0   0   0   8   0   28   10   0   2   0   0   0   0   38   28   0   0   0   0   0   0   0   0   0   0   0   0   0   0   
0   0   0   0   0   35   0   0   70   0   170   0   18   0   0   4   135   10   28   2   0   10   96   50   22   25   22   2321   20   0   196   33   0   0   165   0   2   0   23   0   0   0   0   0   0   24   42   14   2   0   6   0   0   0   8   0   28   10   0   2   0   0   0   0   38   28   0   0   0   0   0   0   0   0   0   0   0   0   0   0   
0   0   0   0   0   66   0   0   183   76   200   40   76   62   160   44   300   60   78   52   40   0   280   109   77   84   76   2364   89   50   128   97   50   52   220   50   52   50   68   54   50   50   50   50   62   74   98   64   52   50   56   50   40   58   58   50   78   60   50   56   50   50   50   50   90   78   58   50   50   50   56   62   0   0   0   0   0   0   0   0   
0   0   0   0   0   0   167   0   403   366   757   298   320   324   314   294   750   404   402   300   302   528   0   242   433   353   390   2955   434   364   455   457   376   376   551   418   358   344   388   400   400   412   424   444   376   412   430   458   292   290   296   370   280   280   288   360   308   290   280   362   280   280   360   360   318   308   280   360   280   280   280   172   0   0   0   0   0   0   0   0   
0   0   0   0   0   0   165   0   354   274   441   248   280   278   274   252   431   282   302   252   250   308   310   0   221   209   263   2701   196   170   268   213   170   170   392   180   172   170   194   180   170   170   170   180   170   194   304   194   270   256   262   244   256   244   240   218   272   230   232   208   232   260   248   230   246   260   222   206   196   208   220   160   0   0   0   0   0   0   0   0   
0   150   0   0   0   0   0   0   148   100   236   100   95   95   95   99   275   110   100   100   101   124   208   136   0   136   148   2228   142   129   204   145   130   132   194   164   117   129   131   142   132   130   129   130   90   114   114   84   72   70   76   70   70   70   70   70   96   80   70   70   70   70   70   70   106   98   70   70   70   70   70   72   0   0   0   0   0   0   0   0   
0   203   0   0   0   0   0   0   171   125   395   125   125   125   167   129   480   135   125   125   125   147   209   173   138   0   108   834   102   90   122   90   90   90   154   90   90   90   90   90   90   90   90   128   130   168   186   213   152   148   157   179   148   149   150   150   164   160   152   156   150   163   162   154   186   179   138   140   90   90   90   90   0   0   0   0   0   0   0   0   
0   0   119   0   0   0   0   0   116   70   190   70   70   70   70   74   530   80   70   70   70   92   178   167   114   70   0   298   62   50   82   50   50   50   114   50   50   40   40   117   40   40   40   40   40   64   74   54   42   40   46   40   40   40   40   86   66   52   40   58   40   40   70   56   76   68   40   64   75   76   74   90   0   0   0   0   0   0   0   0   
0   0   54   0   0   0   0   0   4696   5005   3848   4905   4936   4913   4877   4976   3494   4919   5061   5163   4833   4848   4899   4765   3780   1390   426   0   1756   1732   3458   3421   4183   2099   2279   2305   1584   3119   290   3031   2029   2056   260   1934   2440   3970   2293   186   2388   543   1432   2203   1103   3546   4457   3953   2861   144   3798   394   2734   926   4451   2761   3946   3694   1838   2454   1544   3795   1454   3801   0   0   0   0   0   0   0   0   
0   0   0   0   0   123   0   0   146   100   220   100   100   100   100   104   485   110   100   100   100   157   214   138   102   78   76   1092   0   60   128   120   60   60   124   130   70   70   70   130   70   70   70   130   70   94   104   144   72   70   76   130   60   60   60   120   86   70   60   120   60   60   60   120   96   88   60   120   60   60   60   60   0   0   0   0   0   0   0   0   
0   0   0   0   0   49   0   0   46   0   0   0   0   0   42   4   245   10   0   0   0   10   96   34   41   18   16   992   12   0   32   0   0   0   64   0   0   0   0   0   0   0   0   0   0   24   34   14   2   0   6   0   0   0   0   0   26   10   0   0   0   0   0   0   36   28   0   0   0   0   0   0   0   0   0   0   0   0   0   0   
0   0   0   0   0   0   406   0   363   91   281   95   314   91   91   113   538   102   92   109   308   96   190   153   244   58   56   1994   208   40   0   40   202   40   104   50   196   44   40   40   40   40   40   40   40   64   74   54   42   40   46   50   40   40   39   37   66   52   40   40   40   40   81   40   75   67   40   40   30   29   30   27   0   0   0   0   0   0   0   0   
0   0   0   0   0   0   38   0   82   37   108   37   36   36   35   35   145   46   37   37   37   61   155   73   79   18   16   1969   24   0   32   0   0   0   62   0   0   0   0   0   0   0   0   0   0   24   76   14   2   0   6   0   0   0   0   0   26   10   0   0   0   0   0   0   36   28   0   0   0   0   0   0   0   0   0   0   0   0   0   0   
0   11   0   0   0   0   0   0   46   0   55   0   0   0   0   4   0   10   0   0   0   10   100   34   62   18   16   2391   12   0   70   0   0   0   64   0   0   0   0   0   0   0   0   0   0   24   34   14   2   0   6   0   0   0   0   0   26   10   0   0   0   0   0   0   36   28   0   0   0   0   0   0   0   0   0   0   0   0   0   0   
0   104   0   0   0   0   0   0   46   0   275   0   0   0   30   4   335   10   0   0   0   20   100   34   44   18   16   1227   12   0   32   0   0   0   63   0   0   0   0   0   0   0   0   0   0   24   34   14   2   0   6   0   0   0   0   0   26   10   0   0   0   0   0   0   36   28   0   0   0   0   0   0   0   0   0   0   0   0   0   0   
0   0   75   0   0   0   0   0   400   373   568   374   368   374   373   378   571   383   374   374   373   372   471   464   116   82   80   1297   76   64   96   60   64   63   0   60   64   63   64   60   64   64   62   60   64   88   98   74   65   64   70   59   64   63   64   55   90   74   63   60   64   64   94   60   100   92   63   60   64   64   64   56   0   0   0   0   0   0   0   0   
0   0   38   0   0   0   0   0   46   0   95   0   0   0   0   4   95   10   0   0   0   10   104   36   84   18   16   1257   28   0   36   0   0   0   62   0   0   0   0   0   0   0   0   0   0   24   64   14   2   0   6   0   0   0   0   0   26   10   0   0   0   0   0   0   36   28   0   0   0   0   0   0   0   0   0   0   0   0   0   0   
0   0   0   0   0   2   0   0   56   10   10   10   10   10   10   14   10   20   10   10   10   20   116   44   57   18   16   960   16   0   70   0   0   0   64   0   0   0   0   0   0   0   0   0   0   24   34   14   2   0   6   0   0   0   0   0   26   10   0   0   0   0   0   0   36   28   0   0   0   0   0   0   0   0   0   0   0   0   0   0   
0   0   0   0   0   36   0   0   44   0   90   0   0   0   0   4   90   10   0   0   0   10   100   34   51   18   10   1779   16   0   34   0   0   0   63   0   0   0   0   0   0   0   0   0   0   24   34   14   2   0   6   0   0   0   0   0   26   10   0   0   0   0   0   0   36   28   0   0   0   0   0   0   0   0   0   0   0   0   0   0   
0   0   0   0   0   0   24   0   144   110   215   115   115   120   115   124   215   130   110   115   115   100   216   154   53   18   10   186   16   0   34   0   0   0   64   0   0   0   0   0   0   0   0   0   0   24   34   14   2   0   6   0   0   0   0   0   26   10   0   0   0   0   0   0   36   28   0   0   0   0   0   0   0   0   0   0   0   0   0   0   
0   0   0   0   0   0   52   0   46   0   160   0   0   0   0   4   110   10   0   0   0   30   108   36   66   18   43   1767   28   0   34   0   0   0   62   0   0   0   0   0   0   0   0   0   0   24   34   14   2   0   6   0   0   0   0   0   26   10   0   0   0   0   0   0   36   28   0   0   0   0   0   0   0   0   0   0   0   0   0   0   
0   0   0   0   0   0   0   0   44   0   60   0   0   0   0   4   110   10   0   0   0   10   108   34   44   18   10   1137   16   0   34   0   0   0   64   0   0   0   0   0   0   0   0   0   0   24   34   14   2   0   6   0   0   0   0   0   26   10   0   0   0   0   0   0   36   28   0   0   0   0   0   0   0   34   0   0   0   0   0   0   
0   0   0   0   0   0   0   0   44   0   50   0   0   0   0   4   15   10   0   0   0   10   112   34   42   18   10   1212   16   0   34   0   0   0   64   0   0   0   0   0   0   0   0   0   0   24   34   14   2   0   6   0   0   0   0   0   26   10   0   0   0   0   0   0   36   28   0   0   0   0   0   0   0   13   0   0   0   0   0   0   
0   0   0   0   0   0   0   0   44   0   45   0   0   0   0   4   75   10   0   0   0   10   116   34   41   18   10   156   16   0   34   0   0   0   62   0   0   0   0   0   0   0   0   0   0   24   34   14   2   0   6   0   0   0   0   0   26   10   0   0   0   0   0   0   36   28   0   0   0   0   0   0   0   0   24   0   0   0   0   0   
0   0   0   0   0   0   0   0   46   0   0   0   0   0   0   4   0   10   0   0   0   10   112   36   62   40   10   1082   28   0   34   0   0   0   62   0   0   0   0   0   0   0   0   0   0   24   34   14   2   0   6   0   0   0   0   0   26   10   0   0   0   0   0   0   36   28   0   0   0   0   0   0   0   0   0   0   0   0   0   0   
0   0   0   0   0   0   0   0   46   0   150   0   0   0   0   4   150   10   0   0   0   20   100   34   18   42   10   1432   16   0   34   0   0   0   64   0   0   0   0   0   0   0   0   0   0   24   34   14   2   0   6   0   0   0   0   0   26   10   0   0   0   0   0   0   36   28   0   0   0   0   0   0   0   0   0   0   0   62   0   0   
0   0   0   0   0   0   0   0   166   120   165   120   120   120   120   124   160   130   120   120   120   130   224   154   138   168   130   2486   136   120   154   120   120   120   184   120   120   120   120   120   120   120   120   120   120   0   154   134   122   120   126   120   120   120   120   120   146   130   120   120   120   120   120   120   156   148   120   120   120   120   120   120   0   0   0   0   0   40   0   0   
0   0   0   0   0   0   0   0   256   210   285   400   210   210   210   414   260   220   210   400   210   250   314   454   196   218   180   1661   186   170   204   330   170   170   234   320   170   170   170   170   170   170   170   170   170   194   0   184   172   170   176   170   170   170   170   170   196   180   170   170   170   170   170   170   206   198   170   170   170   170   170   170   0   0   0   0   0   0   285   0   
0   0   0   0   0   0   0   0   114   70   70   70   70   70   70   74   95   80   70   70   70   80   182   106   84   173   80   186   98   70   104   70   70   70   132   70   70   70   70   70   70   70   70   70   70   94   104   0   72   70   76   70   70   70   70   70   96   80   70   70   70   70   70   70   106   98   70   70   70   70   70   70   0   0   0   0   0   0   19   0   
0   0   0   0   0   0   0   0   54   10   105   10   10   10   10   14   10   20   10   10   10   20   72   86   24   56   20   1376   26   10   44   10   10   10   73   10   10   10   10   10   10   10   10   10   10   34   44   24   0   10   16   10   10   10   10   10   36   20   10   10   10   10   10   10   47   38   10   10   10   10   10   10   0   21   0   0   0   0   0   0   
0   0   0   0   0   0   0   0   44   0   10   0   0   0   0   4   110   10   0   0   0   10   62   72   14   44   10   327   16   0   34   0   0   0   64   0   0   0   0   0   0   0   0   0   0   24   34   14   2   0   6   0   0   0   0   0   26   10   0   0   0   0   0   0   36   28   0   0   0   0   0   0   0   23   0   0   0   0   0   0   
0   0   0   0   0   0   0   0   74   30   35   30   30   30   30   34   30   40   30   30   30   40   92   102   44   77   40   864   46   30   64   30   30   30   94   30   30   30   30   30   30   30   30   30   30   54   64   44   32   30   0   30   30   30   30   30   56   40   30   30   30   30   30   30   66   58   30   30   30   30   30   30   0   0   7   0   0   0   0   0   
0   0   0   0   0   0   0   0   44   0   305   0   0   0   0   4   310   10   0   0   0   10   78   68   14   89   10   1271   28   0   36   0   0   0   61   0   0   0   0   0   0   0   0   0   0   24   34   14   2   0   6   0   0   0   0   0   26   10   0   0   0   0   0   0   36   28   0   0   0   0   0   0   0   0   101   0   0   0   0   0   
0   0   0   0   0   0   0   0   44   0   0   0   0   0   0   4   0   10   0   0   0   8   58   72   14   44   10   675   12   0   32   0   0   0   64   0   0   0   0   0   0   0   0   0   0   24   34   14   2   0   6   0   0   0   0   0   26   10   0   0   0   0   0   0   36   28   0   0   0   0   0   0   0   0   0   0   0   0   0   0   
0   0   0   0   0   0   0   0   44   0   165   0   0   0   0   4   120   10   0   0   0   50   58   68   14   45   10   2058   12   0   32   0   0   0   63   0   0   0   0   0   0   0   0   0   0   24   34   14   2   0   6   0   0   0   0   0   26   10   0   0   0   0   0   0   36   28   0   0   0   0   0   0   0   0   0   0   0   65   0   0   
0   0   0   0   0   0   0   0   84   40   215   40   40   40   40   44   250   50   40   40   40   50   98   104   14   56   10   2745   12   0   31   0   0   0   64   0   0   0   0   0   0   0   0   0   0   24   34   14   2   0   6   0   0   0   0   0   26   10   0   0   0   0   0   0   36   28   0   0   0   0   0   0   0   0   0   0   0   0   46   0   
0   0   0   0   0   0   0   0   40   0   170   0   0   0   0   4   100   10   0   0   0   10   74   58   14   66   36   2421   24   0   21   0   0   0   45   0   0   0   0   0   0   0   0   0   0   24   34   14   2   0   6   0   0   0   0   0   26   10   0   0   0   0   0   0   36   28   0   0   0   0   0   0   0   0   0   0   0   0   51   0   
0   0   0   0   0   0   0   0   175   140   165   140   140   140   140   144   220   150   140   140   140   150   198   208   144   172   140   1877   142   130   162   130   130   130   194   130   130   130   130   130   130   130   130   130   130   154   164   144   132   130   136   130   130   130   130   130   0   140   130   130   130   130   130   130   146   148   130   130   130   130   130   130   0   44   0   0   0   0   0   0   
0   0   0   0   0   0   0   0   94   50   290   50   50   50   50   54   210   60   50   50   50   60   108   110   64   96   62   152   62   50   84   50   50   50   114   50   50   50   50   50   50   50   50   50   50   74   84   64   52   50   56   50   50   50   50   50   76   0   50   50   50   50   50   50   86   78   50   50   50   50   50   50   0   58   0   0   0   0   0   0   
0   0   0   0   0   0   0   0   44   0   445   0   0   0   0   4   155   10   0   0   0   12   58   64   14   48   10   2250   12   0   32   0   0   0   63   0   0   0   0   0   0   0   0   0   0   24   34   14   2   0   6   0   0   0   0   0   26   10   0   0   0   0   0   0   37   28   0   0   0   0   0   0   0   0   114   0   0   0   0   0   
0   0   0   0   0   0   0   0   56   10   255   10   10   10   10   14   25   20   10   10   10   27   84   64   14   68   28   258   24   0   32   0   0   0   62   0   0   0   0   0   0   0   0   0   0   24   34   14   2   0   6   0   0   0   0   0   26   10   0   0   0   0   0   0   36   28   0   0   0   0   0   0   0   0   54   0   0   0   0   0   
0   0   0   0   0   0   0   0   44   0   365   0   0   0   0   4   75   10   0   0   0   10   58   64   14   46   10   1574   12   0   32   0   0   0   64   0   0   0   0   0   0   0   0   0   0   24   34   14   2   0   6   0   0   0   0   0   26   10   0   0   0   0   0   0   36   28   0   0   0   0   0   0   0   0   0   0   0   86   0   0   
0   0   0   0   0   0   0   0   44   0   330   0   0   0   0   4   60   10   0   0   0   10   58   84   14   51   10   526   12   0   32   0   0   0   64   0   0   0   0   0   0   0   0   0   0   24   34   14   2   0   6   0   0   0   0   0   26   10   0   0   0   0   0   0   36   28   0   0   0   0   0   0   0   0   0   0   0   77   0   0   
0   0   0   0   0   0   0   0   44   0   480   0   0   0   200   4   180   10   190   0   0   10   258   80   14   50   160   2711   12   0   191   0   0   0   214   0   0   0   0   0   0   0   0   0   0   24   34   14   2   0   6   0   0   0   0   0   26   10   0   0   0   0   0   0   36   28   0   0   0   0   0   0   0   0   0   0   0   0   292   0   
0   0   0   0   0   0   0   0   46   0   70   0   0   0   0   4   50   10   0   0   0   12   74   62   14   78   26   1617   24   0   32   0   0   0   62   0   0   0   0   0   0   0   0   0   0   24   34   14   2   0   6   0   0   0   0   0   26   10   0   0   0   0   0   0   36   28   0   0   0   0   0   0   0   0   0   0   0   0   15   0   
0   0   0   0   0   0   0   0   236   190   655   190   190   190   190   194   610   200   190   190   190   210   248   246   194   226   190   2518   192   180   211   180   180   180   244   180   180   180   180   180   180   180   180   180   180   204   214   194   187   180   186   180   180   180   180   180   202   190   185   180   180   180   180   180   0   208   185   185   185   185   180   180   0   208   0   0   0   0   0   0   
0   0   0   0   0   0   0   0   185   140   485   140   140   140   140   144   560   150   140   140   140   150   198   204   154   187   150   2330   152   140   171   140   140   140   204   140   140   140   140   140   140   140   140   140   140   164   174   154   142   140   146   140   140   140   140   140   164   150   140   140   140   140   140   140   176   0   140   140   140   140   140   140   0   181   0   0   0   0   0   0   
0   0   0   0   0   0   0   0   44   0   320   0   0   0   0   4   320   10   0   0   0   50   58   62   14   52   10   1038   12   0   32   0   0   0   63   0   0   0   0   0   0   0   0   0   0   24   34   14   2   0   6   0   0   0   0   0   26   10   0   0   0   0   0   0   37   28   0   0   0   0   0   0   0   0   136   0   0   0   0   0   
0   0   0   0   0   0   0   0   46   0   395   0   0   0   0   4   420   10   0   0   0   10   74   54   14   64   26   1462   24   0   32   0   0   0   62   0   0   0   0   0   0   0   0   0   0   24   34   14   2   0   6   0   0   0   0   0   26   10   0   0   0   0   0   0   37   28   0   0   0   0   0   0   0   0   163   0   0   0   0   0   
0   0   0   0   0   0   0   0   44   0   450   0   0   0   0   4   465   10   0   0   0   10   58   52   14   18   29   876   12   0   30   0   0   0   64   0   0   0   0   0   0   0   0   0   0   24   34   14   2   0   6   0   0   0   0   0   26   10   0   0   0   0   0   0   37   28   0   0   0   0   0   0   0   0   0   0   0   176   0   0   
0   0   0   0   0   0   0   0   44   0   395   0   0   0   0   4   410   10   0   0   0   10   58   56   14   18   30   2223   12   0   29   0   0   0   64   0   0   0   0   0   0   0   0   0   0   24   34   14   2   0   6   0   0   0   0   0   26   10   0   0   0   0   0   0   37   28   0   0   0   0   0   0   0   0   0   0   0   161   0   0   
0   0   0   0   0   0   0   0   44   0   335   0   0   0   0   4   345   10   0   0   0   40   58   60   14   18   28   830   12   0   30   0   0   0   64   0   0   0   0   0   0   0   0   0   0   24   34   14   2   0   6   0   0   0   0   0   26   10   0   0   0   0   0   0   36   28   0   0   0   0   0   0   0   0   0   0   0   0   136   0   
0   0   0   0   0   0   0   0   38   0   525   0   0   0   0   4   475   10   0   0   0   118   38   32   16   18   24   2293   12   0   19   0   0   0   40   0   0   0   0   0   0   0   0   0   0   24   34   14   2   0   6   0   0   0   0   0   26   10   0   0   0   0   0   0   36   28   0   0   0   0   0   0   0   0   0   0   0   0   182   0   
0   0   0   0   0   0   0   0   0   0   0   0   0   0   0   0   0   0   0   0   0   0   0   0   0   0   0   0   0   0   0   0   0   0   0   0   0   0   0   0   0   0   0   0   0   0   0   0   0   0   0   0   0   0   0   0   0   0   0   0   0   0   0   0   0   0   0   0   0   0   0   0   0   0   0   0   0   0   0   0   
0   0   0   0   0   0   0   0   0   0   0   0   0   0   0   0   0   0   0   0   0   0   0   0   0   0   0   0   0   0   0   0   0   0   0   0   0   0   0   0   340   130   0   0   0   0   0   0   210   230   0   0   0   0   0   0   440   580   0   0   0   0   0   0   2080   1810   0   0   0   0   0   0   0   0   0   0   0   0   0   0   
0   0   0   0   0   0   0   0   0   0   0   0   0   0   0   0   0   0   0   0   0   0   0   0   0   0   0   0   0   0   0   0   0   0   0   0   0   0   0   0   0   0   240   0   0   0   0   0   0   0   70   1010   0   0   0   0   0   0   1140   540   0   0   0   0   0   0   1360   1630   0   0   0   0   0   0   0   0   0   0   0   0   
0   0   0   0   0   0   0   0   0   0   0   0   0   0   0   0   0   0   0   0   0   0   0   0   0   0   0   0   0   0   0   0   0   0   0   0   0   0   0   0   0   0   0   0   0   0   0   0   0   0   0   0   0   0   0   0   0   0   0   0   0   0   0   0   0   0   0   0   0   0   0   0   0   0   0   0   0   0   0   0   
0   0   0   0   0   0   0   0   0   0   0   0   0   0   0   0   0   0   0   0   0   0   0   0   0   0   0   0   0   0   0   0   0   0   0   0   0   0   0   0   0   0   0   0   0   0   0   0   0   0   0   0   0   0   0   0   0   0   0   0   0   0   0   0   0   0   0   0   0   0   0   0   0   0   0   0   0   0   0   0   
0   0   0   0   0   0   0   0   0   0   0   0   0   0   0   0   0   0   0   0   0   0   0   0   0   0   0   0   0   0   0   0   0   0   0   0   0   0   0   0   0   0   0   0   620   400   0   0   0   0   0   0   0   650   0   0   0   0   0   0   860   770   0   0   0   0   0   0   1760   1610   0   0   0   0   0   0   0   0   0   0   
0   0   0   0   0   0   0   0   0   0   0   0   0   0   0   0   0   0   0   0   0   0   0   0   0   0   0   0   0   0   0   0   0   0   0   0   0   0   0   0   0   0   0   0   0   0   2850   190   0   0   0   0   0   0   460   510   0   0   0   0   0   0   2920   150   0   0   0   0   0   0   1360   1820   0   0   0   0   0   0   0   0   
0   0   0   0   0   0   0   0   0   0   0   0   0   0   0   0   0   0   0   0   0   0   0   0   0   0   0   0   0   0   0   0   0   0   0   0   0   0   0   0   0   0   0   0   0   0   0   0   0   0   0   0   0   0   0   0   0   0   0   0   0   0   0   0   0   0   0   0   0   0   0   0   0   0   0   0   0   0   0   0   
