8  9  70
8  10  677
8  11  70
8  12  86
8  13  70
8  14  68
8  15  74
8  16  729
8  17  80
8  18  98
8  19  71
8  20  70
8  21  373
8  22  166
8  23  138
8  24  69
8  25  71
8  26  68
8  27  2704
8  28  66
8  29  46
8  30  227
8  31  78
8  32  46
8  33  46
8  34  208
8  35  46
8  36  48
8  37  44
8  38  64
8  39  46
8  40  44
8  41  44
8  42  44
8  43  46
8  44  46
8  45  70
8  46  88
8  47  58
8  48  46
8  49  44
8  50  50
8  51  44
8  52  44
8  53  44
8  54  52
8  55  44
9  8  70
9  10  381
9  12  18
9  14  68
9  15  4
9  16  371
9  17  10
9  18  28
9  19  2
9  21  78
9  22  96
9  23  58
9  24  21
9  25  25
9  26  22
9  27  2505
9  28  20
9  30  79
9  31  33
9  34  165
9  36  2
9  38  22
9  45  24
9  46  42
9  47  14
9  48  2
9  50  6
9  54  8
10  8  657
10  9  414
10  11  384
10  12  441
10  13  401
10  14  309
10  15  303
10  16  534
10  17  94
10  18  118
10  19  100
10  20  80
10  21  76
10  22  330
10  23  142
10  24  102
10  25  122
10  26  93
10  27  2012
10  28  72
10  30  231
10  31  92
10  32  20
10  33  59
10  34  204
10  35  52
10  36  2
10  37  31
10  38  43
10  39  45
10  40  12
10  41  35
10  42  18
10  44  42
10  45  78
10  46  67
10  47  14
10  48  59
10  49  4
10  50  7
10  51  71
10  53  97
10  54  58
10  55  87
11  8  70
11  10  320
11  12  18
11  15  4
11  16  320
11  17  10
11  18  28
11  19  2
11  21  10
11  22  84
11  23  72
11  24  21
11  25  25
11  26  22
11  27  2489
11  28  20
11  30  84
11  31  33
11  34  166
11  36  2
11  38  23
11  45  24
11  46  110
11  47  14
11  48  2
11  50  6
11  54  8
12  8  158
12  9  90
12  10  530
12  11  90
12  13  90
12  14  90
12  15  94
12  16  530
12  17  100
12  18  118
12  19  92
12  20  90
12  21  142
12  22  186
12  23  144
12  24  20
12  25  25
12  26  22
12  27  2472
12  28  20
12  30  184
12  31  32
12  34  164
12  36  2
12  38  23
12  45  24
12  46  42
12  47  14
12  48  2
12  50  6
12  54  8
13  8  70
13  10  405
13  12  18
13  14  80
13  15  4
13  16  410
13  17  10
13  18  28
13  19  2
13  21  64
13  22  94
13  23  62
13  24  20
13  25  25
13  26  22
13  27  2589
13  28  20
13  30  84
13  31  32
13  34  166
13  36  2
13  38  24
13  45  24
13  46  42
13  47  14
13  48  2
13  50  6
13  54  8
14  8  68
14  9  190
14  10  495
14  12  18
14  13  200
14  15  4
14  16  460
14  17  200
14  18  28
14  19  2
14  21  314
14  22  100
14  23  58
14  24  20
14  25  187
14  26  22
14  27  2741
14  28  20
14  29  160
14  30  67
14  31  27
14  33  150
14  34  165
14  36  2
14  38  23
14  45  24
14  46  42
14  47  14
14  48  2
14  50  6
14  54  8
15  8  90
15  9  20
15  10  595
15  11  20
15  12  38
15  13  20
15  14  20
15  16  730
15  17  30
15  18  48
15  19  22
15  20  20
15  21  30
15  22  112
15  23  92
15  24  40
15  25  45
15  26  42
15  27  2892
15  28  40
15  29  20
15  30  114
15  31  35
15  32  20
15  33  20
15  34  186
15  35  20
15  36  22
15  37  20
15  38  44
15  39  20
15  40  20
15  41  20
15  42  20
15  43  20
15  44  20
15  45  44
15  46  142
15  47  34
15  48  22
15  49  20
15  50  26
15  51  20
15  52  20
15  53  20
15  54  28
15  55  20
16  8  663
16  9  422
16  10  793
16  11  384
16  12  441
16  13  402
16  14  335
16  15  362
16  17  104
16  18  119
16  19  118
16  20  62
16  21  120
16  22  293
16  23  158
16  24  114
16  25  192
16  26  465
16  27  2114
16  28  388
16  29  294
16  30  472
16  31  105
16  33  83
16  34  223
16  35  54
16  36  2
16  37  33
16  38  43
16  39  27
16  40  32
16  41  18
16  42  30
16  44  43
16  45  68
16  46  60
16  47  24
16  48  2
16  49  66
16  50  6
16  51  75
16  53  71
16  54  75
16  55  63
17  8  120
17  9  50
17  10  395
17  11  50
17  12  68
17  13  50
17  14  118
17  15  54
17  16  445
17  18  78
17  19  52
17  20  50
17  21  62
17  22  166
17  23  98
17  24  71
17  25  75
17  26  72
17  27  2503
17  28  70
17  29  50
17  30  130
17  31  82
17  32  50
17  33  50
17  34  215
17  35  50
17  36  52
17  37  50
17  38  74
17  39  50
17  40  50
17  41  50
17  42  50
17  43  50
17  44  50
17  45  74
17  46  92
17  47  64
17  48  52
17  49  50
17  50  56
17  51  50
17  52  50
17  53  50
17  54  58
17  55  50
18  8  210
18  9  140
18  10  480
18  11  140
18  12  158
18  13  140
18  14  140
18  15  144
18  16  500
18  17  150
18  19  142
18  20  140
18  21  152
18  22  260
18  23  198
18  24  21
18  25  25
18  26  22
18  27  2485
18  28  20
18  30  80
18  31  33
18  34  166
18  36  2
18  38  22
18  45  24
18  46  42
18  47  14
18  48  2
18  50  6
18  54  8
19  8  79
19  9  10
19  10  360
19  11  10
19  12  28
19  13  10
19  14  10
19  15  14
19  16  415
19  17  20
19  18  38
19  20  10
19  21  22
19  22  94
19  23  84
19  24  21
19  25  25
19  26  22
19  27  2399
19  28  20
19  30  85
19  31  33
19  34  166
19  36  2
19  38  23
19  45  24
19  46  110
19  47  14
19  48  2
19  50  6
19  54  8
20  8  70
20  10  170
20  12  18
20  15  4
20  16  135
20  17  10
20  18  28
20  19  2
20  21  10
20  22  96
20  23  50
20  24  22
20  25  25
20  26  22
20  27  2321
20  28  20
20  30  196
20  31  33
20  34  165
20  36  2
20  38  23
20  45  24
20  46  42
20  47  14
20  48  2
20  50  6
20  54  8
21  8  183
21  9  76
21  10  200
21  11  40
21  12  76
21  13  62
21  14  160
21  15  44
21  16  300
21  17  60
21  18  78
21  19  52
21  20  40
21  22  280
21  23  109
21  24  77
21  25  84
21  26  76
21  27  2364
21  28  89
21  29  50
21  30  128
21  31  97
21  32  50
21  33  52
21  34  220
21  35  50
21  36  52
21  37  50
21  38  68
21  39  54
21  40  50
21  41  50
21  42  50
21  43  50
21  44  62
21  45  74
21  46  98
21  47  64
21  48  52
21  49  50
21  50  56
21  51  50
21  52  40
21  53  58
21  54  58
21  55  50
22  8  403
22  9  366
22  10  757
22  11  298
22  12  320
22  13  324
22  14  314
22  15  294
22  16  750
22  17  404
22  18  402
22  19  300
22  20  302
22  21  528
22  23  242
22  24  433
22  25  353
22  26  390
22  27  2955
22  28  434
22  29  364
22  30  455
22  31  457
22  32  376
22  33  376
22  34  551
22  35  418
22  36  358
22  37  344
22  38  388
22  39  400
22  40  400
22  41  412
22  42  424
22  43  444
22  44  376
22  45  412
22  46  430
22  47  458
22  48  292
22  49  290
22  50  296
22  51  370
22  52  280
22  53  280
22  54  288
22  55  360
23  8  354
23  9  274
23  10  441
23  11  248
23  12  280
23  13  278
23  14  274
23  15  252
23  16  431
23  17  282
23  18  302
23  19  252
23  20  250
23  21  308
23  22  310
23  24  221
23  25  209
23  26  263
23  27  2701
23  28  196
23  29  170
23  30  268
23  31  213
23  32  170
23  33  170
23  34  392
23  35  180
23  36  172
23  37  170
23  38  194
23  39  180
23  40  170
23  41  170
23  42  170
23  43  180
23  44  170
23  45  194
23  46  304
23  47  194
23  48  270
23  49  256
23  50  262
23  51  244
23  52  256
23  53  244
23  54  240
23  55  218
24  8  148
24  9  100
24  10  236
24  11  100
24  12  95
24  13  95
24  14  95
24  15  99
24  16  275
24  17  110
24  18  100
24  19  100
24  20  101
24  21  124
24  22  208
24  23  136
24  25  136
24  26  148
24  27  2228
24  28  142
24  29  129
24  30  204
24  31  145
24  32  130
24  33  132
24  34  194
24  35  164
24  36  117
24  37  129
24  38  131
24  39  142
24  40  132
24  41  130
24  42  129
24  43  130
24  44  90
24  45  114
24  46  114
24  47  84
24  48  72
24  49  70
24  50  76
24  51  70
24  52  70
24  53  70
24  54  70
24  55  70
25  8  171
25  9  125
25  10  395
25  11  125
25  12  125
25  13  125
25  14  167
25  15  129
25  16  480
25  17  135
25  18  125
25  19  125
25  20  125
25  21  147
25  22  209
25  23  173
25  24  138
25  26  108
25  27  834
25  28  102
25  29  90
25  30  122
25  31  90
25  32  90
25  33  90
25  34  154
25  35  90
25  36  90
25  37  90
25  38  90
25  39  90
25  40  90
25  41  90
25  42  90
25  43  128
25  44  130
25  45  168
25  46  186
25  47  213
25  48  152
25  49  148
25  50  157
25  51  179
25  52  148
25  53  149
25  54  150
25  55  150
26  8  116
26  9  70
26  10  190
26  11  70
26  12  70
26  13  70
26  14  70
26  15  74
26  16  530
26  17  80
26  18  70
26  19  70
26  20  70
26  21  92
26  22  178
26  23  167
26  24  114
26  25  70
26  27  298
26  28  62
26  29  50
26  30  82
26  31  50
26  32  50
26  33  50
26  34  114
26  35  50
26  36  50
26  37  40
26  38  40
26  39  117
26  40  40
26  41  40
26  42  40
26  43  40
26  44  40
26  45  64
26  46  74
26  47  54
26  48  42
26  49  40
26  50  46
26  51  40
26  52  40
26  53  40
26  54  40
26  55  86
27  8  4696
27  9  5005
27  10  3848
27  11  4905
27  12  4936
27  13  4913
27  14  4877
27  15  4976
27  16  3494
27  17  4919
27  18  5061
27  19  5163
27  20  4833
27  21  4848
27  22  4899
27  23  4765
27  24  3780
27  25  1390
27  26  426
27  28  1756
27  29  1732
27  30  3458
27  31  3421
27  32  4183
27  33  2099
27  34  2279
27  35  2305
27  36  1584
27  37  3119
27  38  290
27  39  3031
27  40  2029
27  41  2056
27  42  260
27  43  1934
27  44  2440
27  45  3970
27  46  2293
27  47  186
27  48  2388
27  49  543
27  50  1432
27  51  2203
27  52  1103
27  53  3546
27  54  4457
27  55  3953
28  8  146
28  9  100
28  10  220
28  11  100
28  12  100
28  13  100
28  14  100
28  15  104
28  16  485
28  17  110
28  18  100
28  19  100
28  20  100
28  21  157
28  22  214
28  23  138
28  24  102
28  25  78
28  26  76
28  27  1092
28  29  60
28  30  128
28  31  120
28  32  60
28  33  60
28  34  124
28  35  130
28  36  70
28  37  70
28  38  70
28  39  130
28  40  70
28  41  70
28  42  70
28  43  130
28  44  70
28  45  94
28  46  104
28  47  144
28  48  72
28  49  70
28  50  76
28  51  130
28  52  60
28  53  60
28  54  60
28  55  120
29  8  46
29  14  42
29  15  4
29  16  245
29  17  10
29  21  10
29  22  96
29  23  34
29  24  41
29  25  18
29  26  16
29  27  992
29  28  12
29  30  32
29  34  64
29  45  24
29  46  34
29  47  14
29  48  2
29  50  6
30  8  363
30  9  91
30  10  281
30  11  95
30  12  314
30  13  91
30  14  91
30  15  113
30  16  538
30  17  102
30  18  92
30  19  109
30  20  308
30  21  96
30  22  190
30  23  153
30  24  244
30  25  58
30  26  56
30  27  1994
30  28  208
30  29  40
30  31  40
30  32  202
30  33  40
30  34  104
30  35  50
30  36  196
30  37  44
30  38  40
30  39  40
30  40  40
30  41  40
30  42  40
30  43  40
30  44  40
30  45  64
30  46  74
30  47  54
30  48  42
30  49  40
30  50  46
30  51  50
30  52  40
30  53  40
30  54  39
30  55  37
31  8  82
31  9  37
31  10  108
31  11  37
31  12  36
31  13  36
31  14  35
31  15  35
31  16  145
31  17  46
31  18  37
31  19  37
31  20  37
31  21  61
31  22  155
31  23  73
31  24  79
31  25  18
31  26  16
31  27  1969
31  28  24
31  30  32
31  34  62
31  45  24
31  46  76
31  47  14
31  48  2
31  50  6
32  8  46
32  10  55
32  15  4
32  17  10
32  21  10
32  22  100
32  23  34
32  24  62
32  25  18
32  26  16
32  27  2391
32  28  12
32  30  70
32  34  64
32  45  24
32  46  34
32  47  14
32  48  2
32  50  6
33  8  46
33  10  275
33  14  30
33  15  4
33  16  335
33  17  10
33  21  20
33  22  100
33  23  34
33  24  44
33  25  18
33  26  16
33  27  1227
33  28  12
33  30  32
33  34  63
33  45  24
33  46  34
33  47  14
33  48  2
33  50  6
34  8  400
34  9  373
34  10  568
34  11  374
34  12  368
34  13  374
34  14  373
34  15  378
34  16  571
34  17  383
34  18  374
34  19  374
34  20  373
34  21  372
34  22  471
34  23  464
34  24  116
34  25  82
34  26  80
34  27  1297
34  28  76
34  29  64
34  30  96
34  31  60
34  32  64
34  33  63
34  35  60
34  36  64
34  37  63
34  38  64
34  39  60
34  40  64
34  41  64
34  42  62
34  43  60
34  44  64
34  45  88
34  46  98
34  47  74
34  48  65
34  49  64
34  50  70
34  51  59
34  52  64
34  53  63
34  54  64
34  55  55
35  8  46
35  10  95
35  15  4
35  16  95
35  17  10
35  21  10
35  22  104
35  23  36
35  24  84
35  25  18
35  26  16
35  27  1257
35  28  28
35  30  36
35  34  62
35  45  24
35  46  64
35  47  14
35  48  2
35  50  6
36  8  56
36  9  10
36  10  10
36  11  10
36  12  10
36  13  10
36  14  10
36  15  14
36  16  10
36  17  20
36  18  10
36  19  10
36  20  10
36  21  20
36  22  116
36  23  44
36  24  57
36  25  18
36  26  16
36  27  960
36  28  16
36  30  70
36  34  64
36  45  24
36  46  34
36  47  14
36  48  2
36  50  6
37  8  44
37  10  90
37  15  4
37  16  90
37  17  10
37  21  10
37  22  100
37  23  34
37  24  51
37  25  18
37  26  10
37  27  1779
37  28  16
37  30  34
37  34  63
37  45  24
37  46  34
37  47  14
37  48  2
37  50  6
38  8  144
38  9  110
38  10  215
38  11  115
38  12  115
38  13  120
38  14  115
38  15  124
38  16  215
38  17  130
38  18  110
38  19  115
38  20  115
38  21  100
38  22  216
38  23  154
38  24  53
38  25  18
38  26  10
38  27  186
38  28  16
38  30  34
38  34  64
38  45  24
38  46  34
38  47  14
38  48  2
38  50  6
39  8  46
39  10  160
39  15  4
39  16  110
39  17  10
39  21  30
39  22  108
39  23  36
39  24  66
39  25  18
39  26  43
39  27  1767
39  28  28
39  30  34
39  34  62
39  45  24
39  46  34
39  47  14
39  48  2
39  50  6
40  8  44
40  10  60
40  15  4
40  16  110
40  17  10
40  21  10
40  22  108
40  23  34
40  24  44
40  25  18
40  26  10
40  27  1137
40  28  16
40  30  34
40  34  64
40  45  24
40  46  34
40  47  14
40  48  2
40  50  6
41  8  44
41  10  50
41  15  4
41  16  15
41  17  10
41  21  10
41  22  112
41  23  34
41  24  42
41  25  18
41  26  10
41  27  1212
41  28  16
41  30  34
41  34  64
41  45  24
41  46  34
41  47  14
41  48  2
41  50  6
42  8  44
42  10  45
42  15  4
42  16  75
42  17  10
42  21  10
42  22  116
42  23  34
42  24  41
42  25  18
42  26  10
42  27  156
42  28  16
42  30  34
42  34  62
42  45  24
42  46  34
42  47  14
42  48  2
42  50  6
43  8  46
43  15  4
43  17  10
43  21  10
43  22  112
43  23  36
43  24  62
43  25  40
43  26  10
43  27  1082
43  28  28
43  30  34
43  34  62
43  45  24
43  46  34
43  47  14
43  48  2
43  50  6
44  8  46
44  10  150
44  15  4
44  16  150
44  17  10
44  21  20
44  22  100
44  23  34
44  24  18
44  25  42
44  26  10
44  27  1432
44  28  16
44  30  34
44  34  64
44  45  24
44  46  34
44  47  14
44  48  2
44  50  6
45  8  166
45  9  120
45  10  165
45  11  120
45  12  120
45  13  120
45  14  120
45  15  124
45  16  160
45  17  130
45  18  120
45  19  120
45  20  120
45  21  130
45  22  224
45  23  154
45  24  138
45  25  168
45  26  130
45  27  2486
45  28  136
45  29  120
45  30  154
45  31  120
45  32  120
45  33  120
45  34  184
45  35  120
45  36  120
45  37  120
45  38  120
45  39  120
45  40  120
45  41  120
45  42  120
45  43  120
45  44  120
45  46  154
45  47  134
45  48  122
45  49  120
45  50  126
45  51  120
45  52  120
45  53  120
45  54  120
45  55  120
46  8  256
46  9  210
46  10  285
46  11  400
46  12  210
46  13  210
46  14  210
46  15  414
46  16  260
46  17  220
46  18  210
46  19  400
46  20  210
46  21  250
46  22  314
46  23  454
46  24  196
46  25  218
46  26  180
46  27  1661
46  28  186
46  29  170
46  30  204
46  31  330
46  32  170
46  33  170
46  34  234
46  35  320
46  36  170
46  37  170
46  38  170
46  39  170
46  40  170
46  41  170
46  42  170
46  43  170
46  44  170
46  45  194
46  47  184
46  48  172
46  49  170
46  50  176
46  51  170
46  52  170
46  53  170
46  54  170
46  55  170
47  8  114
47  9  70
47  10  70
47  11  70
47  12  70
47  13  70
47  14  70
47  15  74
47  16  95
47  17  80
47  18  70
47  19  70
47  20  70
47  21  80
47  22  182
47  23  106
47  24  84
47  25  173
47  26  80
47  27  186
47  28  98
47  29  70
47  30  104
47  31  70
47  32  70
47  33  70
47  34  132
47  35  70
47  36  70
47  37  70
47  38  70
47  39  70
47  40  70
47  41  70
47  42  70
47  43  70
47  44  70
47  45  94
47  46  104
47  48  72
47  49  70
47  50  76
47  51  70
47  52  70
47  53  70
47  54  70
47  55  70
48  8  54
48  9  10
48  10  105
48  11  10
48  12  10
48  13  10
48  14  10
48  15  14
48  16  10
48  17  20
48  18  10
48  19  10
48  20  10
48  21  20
48  22  72
48  23  86
48  24  24
48  25  56
48  26  20
48  27  1376
48  28  26
48  29  10
48  30  44
48  31  10
48  32  10
48  33  10
48  34  73
48  35  10
48  36  10
48  37  10
48  38  10
48  39  10
48  40  10
48  41  10
48  42  10
48  43  10
48  44  10
48  45  34
48  46  44
48  47  24
48  49  10
48  50  16
48  51  10
48  52  10
48  53  10
48  54  10
48  55  10
49  8  44
49  10  10
49  15  4
49  16  110
49  17  10
49  21  10
49  22  62
49  23  72
49  24  14
49  25  44
49  26  10
49  27  327
49  28  16
49  30  34
49  34  64
49  45  24
49  46  34
49  47  14
49  48  2
49  50  6
50  8  74
50  9  30
50  10  35
50  11  30
50  12  30
50  13  30
50  14  30
50  15  34
50  16  30
50  17  40
50  18  30
50  19  30
50  20  30
50  21  40
50  22  92
50  23  102
50  24  44
50  25  77
50  26  40
50  27  864
50  28  46
50  29  30
50  30  64
50  31  30
50  32  30
50  33  30
50  34  94
50  35  30
50  36  30
50  37  30
50  38  30
50  39  30
50  40  30
50  41  30
50  42  30
50  43  30
50  44  30
50  45  54
50  46  64
50  47  44
50  48  32
50  49  30
50  51  30
50  52  30
50  53  30
50  54  30
50  55  30
51  8  44
51  10  305
51  15  4
51  16  310
51  17  10
51  21  10
51  22  78
51  23  68
51  24  14
51  25  89
51  26  10
51  27  1271
51  28  28
51  30  36
51  34  61
51  45  24
51  46  34
51  47  14
51  48  2
51  50  6
52  8  44
52  15  4
52  17  10
52  21  8
52  22  58
52  23  72
52  24  14
52  25  44
52  26  10
52  27  675
52  28  12
52  30  32
52  34  64
52  45  24
52  46  34
52  47  14
52  48  2
52  50  6
53  8  44
53  10  165
53  15  4
53  16  120
53  17  10
53  21  50
53  22  58
53  23  68
53  24  14
53  25  45
53  26  10
53  27  2058
53  28  12
53  30  32
53  34  63
53  45  24
53  46  34
53  47  14
53  48  2
53  50  6
54  8  84
54  9  40
54  10  215
54  11  40
54  12  40
54  13  40
54  14  40
54  15  44
54  16  250
54  17  50
54  18  40
54  19  40
54  20  40
54  21  50
54  22  98
54  23  104
54  24  14
54  25  56
54  26  10
54  27  2745
54  28  12
54  30  31
54  34  64
54  45  24
54  46  34
54  47  14
54  48  2
54  50  6
55  8  40
55  10  170
55  15  4
55  16  100
55  17  10
55  21  10
55  22  74
55  23  58
55  24  14
55  25  66
55  26  36
55  27  2421
55  28  24
55  30  21
55  34  45
55  45  24
55  46  34
55  47  14
55  48  2
55  50  6
