0   0   0   0   0   0   0   0   0   0   0   0   0   0   0   0   0   0   0   0   0   0   0   0   0   0   0   0   0   0   0   0   0   0   0   0   0   0   0   0   0   0   0   0   0   0   0   0   0   0   0   0   0   0   0   0   0   0   0   0   0   0   0   0   0   0   0   0   0   0   0   0   0   0   0   0   0   0   0   0   
0   0   0   0   0   0   0   0   830   1050   0   0   0   0   0   0   0   0   0   0   0   0   0   0   210   300   0   0   0   0   0   0   0   180   0   0   0   0   0   0   0   0   0   0   0   0   0   0   0   0   0   0   0   0   0   0   0   0   0   0   0   0   0   0   0   0   0   0   0   0   0   0   0   0   0   0   0   0   0   0   
0   0   0   0   0   0   0   0   0   0   570   1160   0   0   0   0   0   0   0   0   0   0   0   0   0   0   330   450   0   0   0   0   0   0   180   0   0   0   0   0   0   0   0   0   0   0   0   0   0   0   0   0   0   0   0   0   0   0   0   0   0   0   0   0   0   0   0   0   0   0   0   0   0   0   0   0   0   0   0   0   
0   0   0   0   0   0   0   0   0   0   0   0   0   0   0   0   0   0   0   0   0   0   0   0   0   0   0   0   0   0   0   0   0   0   0   0   0   0   0   0   0   0   0   0   0   0   0   0   0   0   0   0   0   0   0   0   0   0   0   0   0   0   0   0   0   0   0   0   0   0   0   0   0   0   0   0   0   0   0   0   
0   0   0   0   0   0   0   0   0   0   0   0   0   0   0   0   0   0   0   0   0   0   0   0   0   0   0   0   0   0   0   0   0   0   0   0   0   0   0   0   0   0   0   0   0   0   0   0   0   0   0   0   0   0   0   0   0   0   0   0   0   0   0   0   0   0   0   0   0   0   0   0   0   0   0   0   0   0   0   0   
0   0   0   0   0   0   0   0   0   0   0   0   240   0   0   0   0   0   0   0   0   210   0   0   0   0   0   0   0   0   0   0   0   0   0   0   0   0   0   0   0   0   0   0   0   0   0   0   0   0   0   0   0   0   0   0   0   0   0   0   0   0   0   0   0   0   0   0   0   0   0   0   0   0   0   0   0   0   0   0   
0   0   0   0   0   0   0   0   0   0   0   0   0   0   1050   0   0   0   0   0   0   0   150   0   0   0   0   0   0   0   1170   0   0   0   0   0   0   0   0   0   0   0   0   0   0   0   0   0   0   0   0   0   0   0   0   0   0   0   0   0   0   0   0   0   0   0   0   0   0   0   0   0   0   0   0   0   0   0   0   0   
0   0   0   0   0   0   0   0   0   0   0   0   0   0   0   0   0   0   0   0   0   0   0   0   0   0   0   0   0   0   0   0   0   0   0   0   0   0   0   0   0   0   0   0   0   0   0   0   0   0   0   0   0   0   0   0   0   0   0   0   0   0   0   0   0   0   0   0   0   0   0   0   0   0   0   0   0   0   0   0   
0   83   0   0   0   0   0   0   0   12   12   45   30   12   12   12   15   15   15   12   15   15   15   12   15   15   15   12   15   15   27   12   15   15   15   12   15   12   12   9   12   12   12   9   12   12   12   9   12   12   12   9   12   12   12   9   12   12   12   9   39   54   39   9   48   39   36   30   63   87   30   409   0   0   0   0   0   0   0   0   
0   105   0   0   0   0   0   0   12   0   0   42   24   0   15   0   0   0   0   0   0   0   0   0   0   0   0   0   0   0   0   0   0   0   0   0   0   0   0   0   0   0   0   0   0   0   0   0   0   0   0   0   0   0   0   0   0   0   9   0   0   0   9   0   0   0   0   12   9   33   0   560   0   0   0   0   0   0   0   0   
0   0   57   0   0   0   0   0   12   0   0   42   24   0   0   0   0   0   0   0   0   0   0   0   0   0   0   0   0   0   0   0   0   0   0   0   0   0   0   0   0   0   0   0   0   0   0   0   0   0   0   0   0   0   0   0   0   0   9   0   0   0   24   0   0   0   0   12   9   54   0   305   0   0   0   0   0   0   0   0   
0   0   116   0   0   0   0   0   177   210   210   0   234   210   210   240   210   210   210   240   210   210   210   240   210   210   210   240   210   210   210   240   210   210   210   240   210   210   210   240   210   210   210   240   210   210   225   240   210   210   210   225   210   210   210   240   210   210   219   240   210   210   219   240   210   210   210   240   219   270   210   565   0   0   0   0   0   0   0   0   
0   0   0   0   0   24   0   0   102   120   120   162   0   120   120   120   120   120   120   120   120   120   120   120   120   120   120   120   120   120   135   120   120   120   120   120   120   120   120   120   120   120   120   120   120   120   120   120   120   120   120   120   120   120   120   120   120   120   129   120   120   120   129   120   120   120   120   132   129   201   120   120   0   0   0   0   0   0   0   0   
0   0   0   0   0   0   0   0   12   0   0   42   24   0   15   0   0   0   0   0   0   0   0   0   0   0   0   0   0   0   0   0   0   0   0   0   0   0   0   0   0   0   0   0   0   0   0   0   0   0   0   0   0   0   0   0   0   0   9   0   0   0   9   0   0   0   0   12   9   57   0   0   0   0   0   0   0   0   0   0   
0   0   0   0   0   0   105   0   12   75   0   42   24   75   0   0   0   75   0   0   0   75   0   0   0   75   0   0   0   75   0   0   0   75   0   0   0   0   0   0   0   0   0   0   0   0   0   0   0   0   0   0   0   0   0   0   0   0   9   0   0   0   24   0   0   0   0   12   9   72   0   0   0   0   0   0   0   0   0   0   
0   0   0   0   0   0   0   0   12   0   0   48   24   0   0   0   0   0   0   0   0   0   0   0   0   0   0   0   0   0   0   0   0   0   0   0   0   0   0   0   0   0   0   0   0   0   15   0   0   0   0   0   0   0   0   0   0   0   9   0   0   0   9   0   0   0   0   15   9   45   0   0   0   0   0   0   0   0   0   0   
0   0   0   0   0   0   0   0   15   0   0   42   24   0   0   0   0   0   0   0   0   0   0   0   0   0   0   0   0   0   15   0   0   0   0   0   0   0   0   0   0   0   0   0   0   0   0   0   0   0   0   0   0   0   0   0   0   0   9   0   0   0   9   0   0   0   0   12   9   39   24   0   0   0   0   0   0   0   0   0   
0   0   0   0   0   0   0   0   15   0   0   42   24   0   15   0   0   0   0   0   0   0   0   0   0   0   0   0   0   0   0   0   0   0   0   0   0   0   0   0   0   0   0   0   0   0   0   0   0   0   0   0   0   0   0   0   0   0   9   0   0   0   9   0   0   0   0   12   9   45   39   0   0   0   0   0   0   0   0   0   
0   0   0   0   0   0   0   0   15   0   0   42   24   0   0   0   0   0   0   0   0   0   0   0   0   0   0   0   0   0   0   0   0   0   0   0   0   0   0   0   0   0   0   0   0   0   0   0   0   0   0   0   0   0   0   0   0   0   9   0   0   0   24   0   0   0   0   12   9   51   42   0   0   0   0   0   0   0   0   0   
0   0   0   0   0   0   0   0   12   0   0   48   24   0   0   0   0   0   0   0   0   0   0   0   0   0   0   0   0   0   0   0   0   0   0   0   0   0   0   0   0   0   0   0   0   0   15   0   0   0   0   0   0   0   0   0   0   0   9   0   0   0   9   0   0   0   0   15   9   66   0   0   0   0   0   0   0   0   0   0   
0   0   0   0   0   0   0   0   15   0   0   42   24   0   0   0   0   0   0   0   0   0   0   0   0   0   0   0   0   0   15   0   0   0   0   0   0   0   0   0   0   0   0   0   0   0   0   0   0   0   0   0   0   0   0   0   0   0   9   0   0   0   9   0   0   0   0   12   9   45   42   0   0   0   0   0   0   0   0   0   
0   0   0   0   0   21   0   0   15   0   0   42   24   0   15   0   0   0   0   0   0   0   0   0   0   0   0   0   0   0   0   0   0   0   0   0   0   0   0   0   0   0   0   0   0   0   0   0   0   0   0   0   0   0   0   0   0   0   9   0   0   0   9   0   0   0   0   12   9   45   39   105   0   0   0   0   0   0   0   0   
0   0   0   0   0   0   15   0   15   0   0   42   24   0   0   0   0   0   0   0   0   0   0   0   0   0   0   0   0   0   0   0   0   0   0   0   0   0   0   0   0   0   0   0   0   0   0   0   0   0   0   0   0   0   0   0   0   0   9   0   0   0   24   0   0   0   0   12   9   33   24   75   0   0   0   0   0   0   0   0   
0   0   0   0   0   0   0   0   12   0   0   48   24   0   0   0   0   0   0   0   0   0   0   0   0   0   0   0   0   0   0   0   0   0   0   0   0   0   0   0   0   0   0   0   0   0   15   0   0   0   0   0   0   0   0   0   0   0   9   0   0   0   9   0   0   0   0   15   9   60   0   0   0   0   0   0   0   0   0   0   
0   21   0   0   0   0   0   0   15   0   0   42   24   0   0   0   0   0   0   0   0   0   0   0   0   0   0   0   0   0   15   0   0   0   0   0   0   0   0   0   0   0   0   0   0   0   0   0   0   0   0   0   0   0   0   0   0   0   9   0   0   0   9   0   0   0   0   12   9   27   24   105   0   0   0   0   0   0   0   0   
0   30   0   0   0   0   0   0   15   0   0   42   24   0   15   0   0   0   0   0   0   0   0   0   0   0   0   0   0   0   0   0   0   0   0   0   0   0   0   0   0   0   0   0   0   0   0   0   0   0   0   0   0   0   0   0   0   0   9   0   0   0   9   0   0   0   0   12   9   60   24   185   0   0   0   0   0   0   0   0   
0   0   33   0   0   0   0   0   15   0   0   42   24   0   0   0   0   0   0   0   0   0   0   0   0   0   0   0   0   0   0   0   0   0   0   0   0   0   0   0   0   0   0   0   0   0   0   0   0   0   0   0   0   0   0   0   0   0   9   0   0   0   24   0   0   0   0   12   9   33   39   200   0   0   0   0   0   0   0   0   
0   0   45   0   0   0   0   0   12   0   0   48   24   0   0   0   0   0   0   0   0   0   0   0   0   0   0   0   0   0   0   0   0   0   0   0   0   0   0   0   0   0   0   0   0   0   15   0   0   0   0   0   0   0   0   0   0   0   9   0   0   0   9   0   0   0   0   15   9   114   0   225   0   0   0   0   0   0   0   0   
0   0   0   0   0   0   0   0   15   0   0   42   24   0   0   0   0   0   0   0   0   0   0   0   0   0   0   0   0   0   15   0   0   0   0   0   0   0   0   0   0   0   0   0   0   0   0   0   0   0   0   0   0   0   0   0   0   0   9   0   0   0   9   0   0   0   0   12   9   45   42   0   0   0   0   0   0   0   0   0   
0   0   0   0   0   0   0   0   15   0   0   42   24   0   15   0   0   0   0   0   0   0   0   0   0   0   0   0   0   0   0   0   0   0   0   0   0   0   0   0   0   0   0   0   0   0   0   0   0   0   0   0   0   0   0   0   0   0   9   0   0   0   9   0   0   0   0   12   9   33   39   0   0   0   0   0   0   0   0   0   
0   0   0   0   0   0   117   0   75   0   0   42   99   0   0   0   75   0   0   0   75   0   0   0   75   0   0   0   75   0   0   0   75   0   0   0   75   0   0   0   0   0   0   0   0   0   0   0   0   0   0   0   0   0   0   0   0   0   9   0   0   0   24   0   0   0   0   12   9   27   6   0   0   0   0   0   0   0   0   0   
0   0   0   0   0   0   0   0   12   0   0   48   24   0   0   0   0   0   0   0   0   0   0   0   0   0   0   0   0   0   0   0   0   0   0   0   0   0   0   0   0   0   0   0   0   0   15   0   0   0   0   0   0   0   0   0   0   0   9   0   0   0   9   0   0   0   0   15   9   60   0   0   0   0   0   0   0   0   0   0   
0   0   0   0   0   0   0   0   15   0   0   42   24   0   0   0   0   0   0   0   0   0   0   0   0   0   0   0   0   0   15   0   0   0   0   0   0   0   0   0   0   0   0   0   0   0   0   0   0   0   0   0   0   0   0   0   0   0   9   0   0   0   9   0   0   0   0   12   9   51   42   0   0   0   0   0   0   0   0   0   
0   18   0   0   0   0   0   0   15   0   0   42   24   0   15   0   0   0   0   0   0   0   0   0   0   0   0   0   0   0   0   0   0   0   0   0   0   0   0   0   0   0   0   0   0   0   0   0   0   0   0   0   0   0   0   0   0   0   9   0   0   0   9   0   0   0   0   12   9   33   6   295   0   0   0   0   0   0   0   0   
0   0   18   0   0   0   0   0   15   0   0   42   24   0   0   0   0   0   0   0   0   0   0   0   0   0   0   0   0   0   0   0   0   0   0   0   0   0   0   0   0   0   0   0   0   0   0   0   0   0   0   0   0   0   0   0   0   0   9   0   0   0   24   0   0   0   0   12   9   45   39   230   0   0   0   0   0   0   0   0   
0   0   0   0   0   0   0   0   12   0   0   48   24   0   0   0   0   0   0   0   0   0   0   0   0   0   0   0   0   0   0   0   0   0   0   0   0   0   0   0   0   0   0   0   0   0   15   0   0   0   0   0   0   0   0   0   0   0   9   0   0   0   9   0   0   0   0   15   9   114   0   0   0   0   0   0   0   0   0   0   
0   0   0   0   0   0   0   0   15   0   0   42   24   0   0   0   0   0   0   0   0   0   0   0   0   0   0   0   0   0   15   0   0   0   0   0   0   0   0   0   0   0   0   0   0   0   0   0   0   0   0   0   0   0   0   0   0   0   9   0   0   0   9   0   0   0   0   12   9   45   21   0   0   0   0   0   0   0   0   0   
0   0   0   0   0   0   0   0   12   0   0   42   24   0   0   0   0   0   0   0   0   0   0   0   0   0   0   0   0   0   0   0   0   0   0   0   0   0   0   0   0   0   0   0   0   0   0   0   0   0   0   0   0   0   0   0   0   0   6   0   0   0   9   0   0   0   0   12   9   57   42   0   0   0   0   0   0   0   0   0   
0   0   0   0   0   0   0   0   12   0   0   42   24   0   0   0   0   0   0   0   0   0   0   0   0   0   0   0   0   0   0   0   0   0   0   0   0   0   0   0   0   0   0   0   0   0   0   0   0   0   0   0   0   0   0   0   0   0   6   0   0   0   9   0   0   0   0   12   9   45   24   0   0   0   0   0   0   0   0   0   
0   0   0   0   0   0   0   0   9   0   0   48   24   0   0   0   0   0   0   0   0   0   0   0   0   0   0   0   0   0   0   0   0   0   0   0   0   0   0   0   0   0   0   0   0   0   0   0   0   0   0   0   0   0   0   0   0   0   6   0   0   0   9   0   0   0   0   15   9   96   0   0   0   0   0   0   0   0   0   0   
0   0   0   0   0   0   0   0   12   0   0   42   24   0   0   0   0   0   0   0   0   0   0   0   0   0   0   0   0   0   0   0   0   0   0   0   0   0   0   0   0   0   0   0   0   0   0   0   0   0   0   0   0   0   0   0   0   0   6   0   0   0   9   0   0   0   0   12   9   60   0   6   0   0   0   0   0   0   0   0   
0   0   0   0   0   0   0   0   12   0   0   42   24   0   0   0   0   0   0   0   0   0   0   0   0   0   0   0   0   0   0   0   0   0   0   0   0   0   0   0   0   0   0   0   0   0   0   0   0   0   0   0   0   0   0   0   0   0   6   0   0   0   9   0   0   0   0   12   9   72   0   24   0   0   0   0   0   0   0   0   
0   0   0   0   0   0   0   0   12   0   0   42   24   0   0   0   0   0   0   0   0   0   0   0   0   0   0   0   0   0   0   0   0   0   0   0   0   0   0   0   0   0   0   0   0   0   0   0   0   0   0   0   0   0   0   0   0   0   6   0   0   0   9   0   0   0   0   12   9   75   0   21   0   0   0   0   0   0   0   0   
0   0   0   0   0   0   0   0   9   0   0   48   24   0   0   0   0   0   0   0   0   0   0   0   0   0   0   0   0   0   0   0   0   0   0   0   0   0   0   0   0   0   0   0   0   0   0   0   0   0   0   0   0   0   0   0   0   0   6   0   0   0   9   0   0   0   0   15   9   96   0   30   0   0   6   0   0   0   0   0   
0   0   0   0   0   0   0   0   12   0   0   42   24   0   0   0   0   0   0   0   0   0   0   0   0   0   0   0   0   0   0   0   0   0   0   0   0   0   0   0   0   0   0   0   0   0   0   0   0   0   0   0   0   0   0   0   0   0   6   0   0   0   9   0   0   0   0   12   9   21   0   24   0   0   0   0   0   0   0   0   
0   0   0   0   0   0   0   0   12   0   0   42   24   0   0   0   0   0   0   0   0   0   0   0   0   0   0   0   0   0   0   0   0   0   0   0   0   0   0   0   0   0   0   0   0   0   0   0   0   0   0   0   0   0   0   0   0   0   6   0   0   0   9   0   0   0   0   12   9   63   0   24   0   0   0   0   0   0   0   0   
0   0   0   0   0   0   0   0   12   0   0   117   24   0   0   75   0   0   0   75   0   0   0   75   0   0   0   75   0   0   0   75   0   0   0   75   0   0   0   0   0   0   0   0   0   0   0   0   0   0   0   0   0   0   0   0   0   0   6   0   0   0   9   0   0   0   0   12   9   27   0   21   0   0   0   0   0   0   105   0   
0   0   0   0   0   0   0   0   9   0   0   48   24   0   0   0   0   0   0   0   0   0   0   0   0   0   0   0   0   0   0   0   0   0   0   0   0   0   0   0   0   0   0   0   0   0   0   0   0   0   0   0   0   0   0   0   0   0   6   0   0   0   9   0   0   0   0   15   36   96   0   0   0   0   0   0   0   0   0   0   
0   0   0   0   0   0   0   0   12   0   0   42   24   0   0   0   0   0   0   0   0   0   0   0   0   0   0   0   0   0   0   0   0   0   0   0   0   0   0   0   0   0   0   0   0   0   0   0   0   0   0   0   0   0   0   0   0   0   6   0   0   0   9   0   0   0   0   15   12   75   0   24   0   0   0   0   0   0   0   0   
0   0   0   0   0   0   0   0   12   0   0   42   24   0   0   0   0   0   0   0   0   0   0   0   0   0   0   0   0   0   0   0   0   0   0   0   0   0   0   0   0   0   0   0   0   0   0   0   0   0   0   0   0   0   0   0   0   0   6   0   0   0   9   0   0   0   0   12   9   57   0   21   0   0   0   0   0   0   0   0   
0   0   0   0   0   0   0   0   12   0   0   42   24   0   0   0   0   0   0   0   0   0   0   0   0   0   0   0   0   0   0   0   0   0   0   0   0   0   0   0   0   0   0   0   0   0   0   0   0   0   0   0   0   0   0   0   0   0   6   0   0   0   9   0   0   0   0   12   9   39   0   6   0   0   0   0   0   0   0   0   
0   0   0   0   0   0   0   0   9   0   0   45   24   0   0   0   0   0   0   0   0   0   0   0   0   0   0   0   0   0   0   0   0   0   0   0   0   0   0   0   0   0   0   0   0   0   0   0   0   0   0   0   0   0   0   0   0   0   6   0   0   0   9   0   0   0   0   12   12   102   0   0   0   0   0   0   0   0   0   0   
0   0   0   0   0   0   0   0   12   0   0   42   24   0   0   0   0   0   0   0   0   0   0   0   0   0   0   0   0   0   0   0   0   0   0   0   0   0   0   0   0   0   0   0   0   0   0   0   0   0   0   0   0   0   0   0   0   0   6   0   0   0   9   0   0   0   0   12   9   33   0   24   0   0   0   0   0   0   0   0   
0   0   0   0   0   0   0   0   12   0   0   42   24   0   0   0   0   0   0   0   0   0   0   0   0   0   0   0   0   0   0   0   0   0   0   0   0   0   0   0   0   0   0   0   0   0   0   0   0   0   0   0   0   0   0   0   0   0   6   0   0   0   9   0   0   0   0   12   9   81   0   182   0   0   0   0   0   21   0   0   
0   0   0   0   0   0   0   0   12   0   0   42   24   0   0   0   0   0   0   0   0   0   0   0   0   0   0   0   0   0   0   0   0   0   0   0   0   0   0   0   0   0   0   0   0   0   0   0   0   0   0   0   0   0   0   0   0   0   6   0   0   0   9   0   0   0   0   12   9   69   0   204   0   0   0   0   0   0   33   0   
0   0   0   0   0   0   0   0   9   0   0   48   24   0   0   0   0   0   0   0   0   0   0   0   0   0   0   0   0   0   0   0   0   0   0   0   0   0   0   0   0   0   0   0   0   0   0   0   0   0   0   0   0   0   0   0   0   0   6   0   0   0   9   0   0   0   0   18   9   102   0   150   0   0   0   0   0   0   30   0   
0   0   0   0   0   0   0   0   12   0   0   42   24   0   0   0   0   0   0   0   0   0   0   0   0   0   0   0   0   0   0   0   0   0   0   0   0   0   0   0   0   0   0   0   0   0   0   0   0   0   0   0   0   0   0   0   0   0   6   0   0   0   9   0   0   0   0   12   12   51   0   2784   0   72   0   0   0   0   0   0   
0   0   0   0   0   0   0   0   12   0   0   42   24   0   0   0   0   0   0   0   0   0   0   0   0   0   0   0   0   0   0   0   0   0   0   0   0   0   0   0   0   0   0   0   0   0   0   0   0   0   0   0   0   0   0   0   0   0   6   0   0   0   9   0   0   0   0   12   12   63   0   5924   0   192   0   0   0   0   0   0   
0   0   0   0   0   0   0   0   12   45   45   87   69   45   45   45   45   45   45   45   45   45   45   45   45   45   45   45   45   45   45   45   45   45   45   45   45   30   30   30   30   30   30   30   30   30   30   30   30   30   30   30   30   30   30   30   30   30   0   30   30   30   39   30   30   30   30   42   42   105   30   5837   0   0   210   0   0   0   0   0   
0   0   0   0   0   0   0   0   9   0   0   48   24   0   0   0   0   0   0   0   0   0   0   0   0   0   0   0   0   0   0   0   0   0   0   0   0   0   0   0   0   0   0   0   0   0   0   0   0   0   0   0   0   0   0   0   0   0   6   0   0   0   9   0   0   0   0   15   9   84   0   5805   0   0   192   0   0   0   0   0   
0   0   0   0   0   0   0   0   51   0   0   42   24   0   0   0   0   0   0   0   0   0   0   0   0   0   0   0   0   0   0   0   0   0   0   0   0   0   0   0   0   0   0   0   0   0   0   0   0   0   0   0   0   0   0   0   0   0   6   0   0   0   9   0   0   0   0   12   9   51   0   3070   0   0   0   0   0   192   0   0   
0   0   0   0   0   0   0   0   54   0   0   42   24   0   0   0   0   0   0   0   0   0   0   0   0   0   0   0   0   0   0   0   0   0   0   0   0   0   0   0   0   0   0   0   0   0   0   0   0   0   0   0   0   0   0   0   0   0   6   0   0   0   9   0   0   0   0   12   9   69   0   2255   0   0   0   0   0   190   0   0   
0   0   0   0   0   0   0   0   63   45   120   87   69   45   120   45   45   45   120   45   45   45   120   45   45   45   120   45   45   45   120   45   45   45   120   45   45   45   45   45   45   45   45   45   45   45   45   45   45   45   45   45   45   45   45   45   45   45   51   45   45   45   0   45   45   45   45   57   54   90   45   2105   0   0   0   0   0   0   297   0   
0   0   0   0   0   0   0   0   9   0   0   48   24   0   0   0   0   0   0   0   0   0   0   0   0   0   0   0   0   0   0   0   0   0   0   0   0   0   0   0   0   0   0   0   0   0   0   0   0   0   0   0   0   0   0   0   0   0   6   0   0   0   9   0   0   0   0   15   9   60   0   1035   0   0   0   0   0   0   185   0   
0   0   0   0   0   0   0   0   36   0   0   42   24   0   0   0   0   0   0   0   0   0   0   0   0   0   0   0   0   0   0   0   0   0   0   0   0   0   0   0   0   0   0   0   0   0   0   0   0   0   0   0   0   0   0   0   0   0   6   0   0   0   9   0   0   0   0   12   9   66   0   1685   0   184   0   0   0   0   0   0   
0   0   0   0   0   0   0   0   51   0   0   42   24   0   0   0   0   0   0   0   0   0   0   0   0   0   0   0   0   0   0   0   0   0   0   0   0   0   0   0   0   0   0   0   0   0   0   0   0   0   0   0   0   0   0   0   0   0   6   0   0   0   9   0   0   0   0   12   9   39   0   2285   0   182   0   0   0   0   0   0   
0   0   0   0   0   0   0   0   36   0   0   42   24   0   0   0   0   0   0   0   0   0   0   0   0   0   0   0   0   0   0   0   0   0   0   0   0   0   0   0   0   0   0   0   0   0   0   0   0   0   0   0   0   0   0   0   0   0   6   0   0   0   9   0   0   0   0   12   9   33   0   900   0   0   166   0   0   0   0   0   
0   0   0   0   0   0   0   0   78   60   60   120   84   60   60   75   60   60   60   75   60   60   60   75   60   60   60   75   60   60   60   75   60   60   60   75   60   60   60   75   60   60   60   75   60   60   60   75   63   60   60   60   60   60   60   78   60   60   66   75   60   60   69   75   60   60   60   0   69   144   60   1800   0   0   175   0   0   0   0   0   
0   0   0   0   0   0   0   0   87   45   45   87   69   45   45   45   45   45   45   45   45   45   45   45   45   45   45   45   45   45   45   45   45   45   45   45   45   45   45   45   45   45   45   45   45   45   45   72   48   45   45   48   45   45   45   45   60   60   66   45   45   45   54   45   45   45   45   57   0   108   45   1695   0   0   0   0   0   193   0   0   
0   0   0   0   0   0   0   0   159   57   78   90   141   81   84   45   75   93   111   66   93   93   57   96   39   144   57   162   93   57   39   48   111   57   93   162   93   129   93   156   144   180   183   156   21   147   39   156   183   129   75   234   57   201   165   174   111   147   189   120   111   165   102   48   162   75   57   132   156   0   75   763   0   0   0   0   0   163   0   0   
0   0   0   0   0   0   0   0   18   0   0   42   24   0   0   0   24   27   42   0   42   27   24   0   24   36   27   0   42   27   18   0   42   18   27   0   21   42   24   0   0   0   0   0   0   0   0   0   0   0   0   0   0   0   0   0   0   0   6   0   0   0   9   0   0   0   0   12   9   39   0   620   0   0   0   0   0   0   156   0   
0   0   0   0   0   0   0   0   162   112   61   113   24   0   0   0   0   0   0   0   0   21   15   0   21   37   40   45   0   0   0   0   0   214   92   0   0   0   0   0   18   36   21   12   24   36   21   0   36   21   18   0   24   70   60   30   1601   5905   6194   6654   3456   2674   1601   1158   1358   1428   876   1201   1167   839   255   0   0   0   0   0   0   0   152   0   
0   0   0   0   0   0   0   0   0   0   0   0   0   0   0   0   0   0   0   0   0   0   0   0   0   0   0   0   0   0   0   0   0   0   0   0   0   0   0   0   0   0   0   0   0   0   0   0   0   0   0   0   0   0   0   0   0   0   0   0   0   0   0   0   0   0   0   0   0   0   0   0   0   0   0   0   0   0   0   0   
0   0   0   0   0   0   0   0   0   0   0   0   0   0   0   0   0   0   0   0   0   0   0   0   0   0   0   0   0   0   0   0   0   0   0   0   0   0   0   0   0   0   0   0   0   0   0   0   0   0   0   0   0   0   0   0   720   1920   0   0   0   0   0   0   1840   1820   0   0   0   0   0   0   0   0   0   0   0   0   0   0   
0   0   0   0   0   0   0   0   0   0   0   0   0   0   0   0   0   0   0   0   0   0   0   0   0   0   0   0   0   0   0   0   0   0   0   0   0   0   0   0   0   0   0   60   0   0   0   0   0   0   0   0   0   0   0   0   0   0   2100   1920   0   0   0   0   0   0   1660   1750   0   0   0   0   0   0   0   0   0   0   0   0   
0   0   0   0   0   0   0   0   0   0   0   0   0   0   0   0   0   0   0   0   0   0   0   0   0   0   0   0   0   0   0   0   0   0   0   0   0   0   0   0   0   0   0   0   0   0   0   0   0   0   0   0   0   0   0   0   0   0   0   0   0   0   0   0   0   0   0   0   0   0   0   0   0   0   0   0   0   0   0   0   
0   0   0   0   0   0   0   0   0   0   0   0   0   0   0   0   0   0   0   0   0   0   0   0   0   0   0   0   0   0   0   0   0   0   0   0   0   0   0   0   0   0   0   0   0   0   0   0   0   0   0   0   0   0   0   0   0   0   0   0   0   0   0   0   0   0   0   0   0   0   0   0   0   0   0   0   0   0   0   0   
0   0   0   0   0   0   0   0   0   0   0   0   0   0   0   0   0   0   0   0   0   0   0   0   0   0   0   0   0   0   0   0   0   0   0   0   0   0   0   0   0   0   0   0   0   0   0   0   0   0   0   0   0   210   0   0   0   0   0   0   1920   1900   0   0   0   0   0   0   1930   1630   0   0   0   0   0   0   0   0   0   0   
0   0   0   0   0   0   0   0   0   0   0   0   0   0   0   0   0   0   0   0   0   0   0   0   0   0   0   0   0   0   0   0   0   0   0   0   0   0   0   0   0   0   0   0   0   0   1050   0   0   0   0   0   0   0   330   300   0   0   0   0   0   0   2970   1850   0   0   0   0   0   0   1560   1520   0   0   0   0   0   0   0   0   
0   0   0   0   0   0   0   0   0   0   0   0   0   0   0   0   0   0   0   0   0   0   0   0   0   0   0   0   0   0   0   0   0   0   0   0   0   0   0   0   0   0   0   0   0   0   0   0   0   0   0   0   0   0   0   0   0   0   0   0   0   0   0   0   0   0   0   0   0   0   0   0   0   0   0   0   0   0   0   0   
