8  9  173
8  10  507
8  11  605
8  12  935
8  13  147
8  14  165
8  15  150
8  16  150
8  17  156
8  18  384
8  19  158
8  20  189
8  21  156
8  22  177
8  23  72
8  24  441
8  25  153
8  26  532
8  27  369
8  28  184
8  29  180
8  30  411
8  31  186
8  32  331
8  33  156
8  34  150
8  35  171
8  36  168
8  37  179
8  38  174
8  39  153
8  40  206
8  41  144
8  42  163
8  43  162
8  44  167
8  45  816
8  46  165
8  47  144
8  48  153
8  49  141
8  50  1066
8  51  140
8  52  168
8  53  273
8  54  166
8  55  163
9  8  113
9  10  471
9  11  20
9  12  18
9  13  360
9  14  63
9  16  431
9  18  495
9  19  240
9  24  9
9  25  474
9  26  124
9  31  258
9  32  109
9  33  198
9  34  420
9  37  213
9  38  129
9  39  102
9  40  214
9  42  75
9  43  171
9  44  136
9  45  114
9  46  58
9  48  37
9  50  57
9  51  111
9  52  144
9  53  687
9  54  2
10  8  465
10  9  417
10  11  2779
10  12  369
10  13  599
10  14  312
10  15  408
10  16  255
10  17  245
10  18  620
10  19  650
10  20  299
10  21  1429
10  22  255
10  23  255
10  24  260
10  25  266
10  26  795
10  27  660
10  28  270
10  29  420
10  30  265
10  31  255
10  32  255
10  33  278
10  34  315
10  35  387
10  36  255
10  37  312
10  38  255
10  39  312
10  40  255
10  41  339
10  42  600
10  43  264
10  44  255
10  45  240
10  46  255
10  47  255
10  48  675
10  49  374
10  50  445
10  51  255
10  52  255
10  53  255
10  54  255
10  55  255
11  8  248
11  9  6
11  10  2459
11  12  30
11  13  600
11  14  12
11  15  1581
11  16  6
11  18  1874
11  21  45
11  23  60
11  24  18
11  25  461
11  26  1408
11  28  5
11  29  255
11  31  15
11  34  2695
11  35  190
11  37  315
11  42  2115
11  43  135
11  46  1002
11  47  31
11  50  2014
11  51  60
11  52  387
11  53  146
11  54  294
11  55  11
12  8  1889
12  9  90
12  10  246
12  11  150
12  13  90
12  14  90
12  15  90
12  16  1745
12  17  90
12  18  90
12  19  150
12  20  1953
12  21  1005
12  22  456
12  23  60
12  24  1690
12  25  90
12  26  95
12  27  312
12  28  417
12  29  411
12  30  1045
12  31  120
12  32  1661
12  33  237
12  34  295
12  35  201
12  36  221
12  37  150
12  38  90
12  39  219
12  40  1777
12  41  156
12  42  618
12  43  90
12  44  90
12  45  450
12  46  189
12  47  159
12  48  1607
12  49  90
12  50  555
12  51  90
12  52  90
12  53  90
12  54  135
12  55  150
13  8  87
13  9  192
13  10  471
13  11  213
13  12  18
13  14  60
13  15  132
13  17  99
13  18  120
13  23  138
13  24  1502
13  29  120
13  31  45
13  34  469
13  35  30
13  37  435
13  43  60
13  49  144
13  50  405
13  51  207
13  53  402
13  54  3
13  55  6
14  8  105
14  9  99
14  10  231
14  11  60
14  12  18
14  13  81
14  17  159
14  18  315
14  19  60
14  21  99
14  24  7
14  25  277
14  26  255
14  27  45
14  29  2303
14  33  81
14  35  90
14  36  762
14  37  357
14  38  144
14  39  632
14  40  129
14  42  357
14  43  153
14  44  255
14  45  579
14  47  60
14  48  237
14  49  36
14  50  145
14  51  48
14  53  60
14  54  42
14  55  60
15  8  90
15  10  486
15  11  1452
15  12  18
15  13  312
15  17  15
15  18  1032
15  19  1932
15  23  50
15  24  406
15  25  12
15  26  353
15  27  893
15  30  203
15  31  45
15  32  173
15  33  1561
15  34  405
15  35  1613
15  36  15
15  38  135
15  39  30
15  42  15
15  43  2380
15  44  16
15  46  99
15  51  1770
15  53  330
16  8  90
16  9  962
16  10  51
16  11  30
16  12  731
16  17  1326
16  18  225
16  19  60
16  21  205
16  24  3
16  25  1203
16  26  345
16  27  255
16  29  105
16  30  303
16  33  1320
16  35  30
16  39  30
16  40  73
16  41  1238
16  42  315
16  43  20
16  47  60
16  49  1260
16  50  309
16  51  591
16  55  75
17  8  96
17  10  49
17  12  18
17  13  360
17  14  113
17  15  75
17  16  552
17  24  9
17  26  867
17  28  20
17  29  285
17  31  45
17  32  266
17  33  18
17  34  707
17  37  185
17  38  204
17  39  55
17  40  132
17  41  6
17  42  75
17  44  93
17  46  123
17  47  15
17  48  165
17  50  312
17  52  22
17  54  3
18  8  303
18  9  177
18  10  196
18  11  2010
18  12  18
18  13  84
18  14  288
18  15  843
18  16  81
18  19  91
18  20  209
18  21  975
18  22  116
18  23  240
18  24  7
18  25  9
18  26  138
18  27  78
18  28  87
18  29  180
18  33  9
18  34  89
18  35  18
18  36  126
18  37  82
18  38  18
18  39  42
18  41  27
18  42  360
18  43  10
18  45  120
18  47  5
18  49  136
18  50  195
18  55  20
19  8  99
19  9  55
19  10  543
19  12  30
19  14  22
19  15  2025
19  16  12
19  18  110
19  23  540
19  24  6
19  25  578
19  29  270
19  31  405
19  37  315
19  46  105
19  47  758
19  50  270
19  53  504
19  55  289
20  8  129
20  10  157
20  12  1782
20  18  270
20  22  506
20  23  288
20  24  12
20  26  180
20  28  1762
20  29  114
20  30  1225
20  31  195
20  34  172
20  35  264
20  36  2042
20  37  132
20  39  790
20  40  69
20  41  246
20  42  72
20  43  84
20  44  1940
20  45  375
20  46  54
20  47  150
20  48  36
20  49  90
20  52  1964
20  54  39
20  55  89
21  8  96
21  10  2263
21  11  9
21  12  628
21  14  66
21  16  75
21  18  1634
21  24  2207
21  26  1281
21  28  10
21  34  2492
21  42  1358
21  47  645
21  49  12
21  50  1296
21  51  12
21  53  417
21  55  204
22  8  117
22  10  51
22  12  348
22  18  330
22  20  555
22  24  3
22  26  290
22  27  10
22  29  2208
22  37  711
22  38  18
22  39  686
22  40  24
22  41  3
22  42  27
22  43  264
22  44  39
22  45  282
22  49  220
22  50  48
22  51  123
22  52  12
22  55  563
23  8  72
23  10  51
23  11  12
23  12  12
23  13  327
23  15  15
23  18  168
23  19  528
23  20  240
23  24  96
23  25  344
23  26  159
23  27  198
23  28  465
23  29  155
23  30  96
23  31  174
23  32  45
23  33  2150
23  34  405
23  36  105
23  38  39
23  39  102
23  42  15
23  43  624
23  46  141
24  8  211
24  9  19
24  10  68
24  11  48
24  12  767
24  13  1404
24  14  25
24  15  601
24  16  15
24  17  30
24  18  25
24  19  18
24  20  45
24  21  2246
24  22  15
24  23  156
24  25  15
24  26  45
24  27  23
24  28  30
24  29  1949
24  30  294
24  31  36
24  32  35
24  33  15
24  34  15
24  35  30
24  36  678
24  37  1968
24  38  20
24  39  71
24  40  77
24  41  30
24  42  340
24  43  18
24  44  405
24  45  1758
24  46  30
24  47  36
24  48  35
24  49  30
24  50  90
24  51  465
24  52  337
24  53  1524
24  54  45
24  55  46
25  8  93
25  9  495
25  10  128
25  11  1150
25  12  18
25  14  159
25  15  60
25  16  544
25  18  45
25  19  1417
25  23  395
25  24  3
25  27  1147
25  28  30
25  29  300
25  31  270
25  33  297
25  35  1366
25  37  210
25  39  197
25  41  132
25  43  1356
25  44  427
25  45  133
25  47  94
25  48  9
25  50  279
25  51  1369
25  52  354
25  53  70
25  54  9
26  8  446
26  9  120
26  10  255
26  11  1523
26  12  19
26  14  221
26  15  822
26  16  129
26  17  885
26  18  315
26  20  131
26  21  627
26  22  109
26  23  318
26  24  15
26  27  113
26  28  60
26  29  31
26  31  105
26  34  39
26  35  33
26  36  24
26  37  10
26  38  24
26  39  363
26  40  9
26  41  24
26  43  24
26  45  125
26  49  124
26  50  100
26  52  405
27  8  180
27  10  594
27  12  267
27  14  39
27  15  994
27  16  95
27  18  129
27  22  2
27  23  514
27  24  8
27  25  791
27  26  176
27  31  420
27  33  330
27  41  90
27  42  19
27  46  99
27  47  438
27  48  420
27  49  69
27  50  21
27  53  284
27  54  406
27  55  105
28  8  126
28  10  54
28  11  1
28  12  378
28  17  9
28  18  270
28  20  1901
28  21  12
28  23  393
28  24  6
28  25  8
28  26  180
28  29  165
28  30  766
28  31  287
28  33  300
28  35  165
28  37  69
28  39  795
28  41  630
28  42  21
28  43  69
28  47  195
28  48  27
28  49  87
28  50  9
28  55  432
29  8  120
29  10  204
29  11  216
29  12  516
29  13  42
29  14  2103
29  16  96
29  17  237
29  18  66
29  19  90
29  20  120
29  22  2099
29  23  63
29  24  2010
29  25  99
29  26  105
29  28  225
29  30  1376
29  31  44
29  34  948
29  36  15
29  38  2298
29  41  255
29  46  1884
29  47  675
29  49  924
29  51  9
29  53  9
29  54  2037
29  55  234
30  8  421
30  10  53
30  12  2029
30  15  440
30  16  394
30  20  2605
30  23  108
30  24  318
30  28  1545
30  29  1434
30  32  383
30  36  2121
30  37  24
30  38  459
30  39  564
30  40  2
30  41  9
30  42  63
30  43  6
30  44  1762
30  46  201
30  50  297
30  52  1616
30  55  450
31  8  126
31  9  315
31  10  51
31  11  18
31  12  54
31  13  54
31  15  24
31  17  9
31  19  321
31  20  351
31  23  335
31  24  12
31  25  234
31  26  96
31  27  144
31  28  567
31  29  165
31  32  225
31  33  1705
31  34  48
31  36  105
31  37  66
31  38  165
31  39  48
31  40  87
31  43  496
31  44  417
31  45  33
31  46  177
31  51  9
31  52  311
32  8  120
32  9  120
32  10  51
32  12  683
32  15  540
32  17  405
32  23  135
32  24  13
32  30  315
32  31  225
32  36  645
32  39  285
32  40  72
32  44  360
32  52  835
33  8  96
33  9  555
33  10  131
33  12  228
33  14  45
33  15  1457
33  16  550
33  17  15
33  18  45
33  23  2348
33  24  3
33  25  360
33  27  231
33  28  235
33  31  1748
33  34  169
33  35  129
33  36  100
33  39  1991
33  40  87
33  41  33
33  42  90
33  44  404
33  47  2122
33  48  93
33  49  6
33  50  27
33  52  355
33  55  1435
34  8  90
34  9  435
34  10  75
34  11  2422
34  12  243
34  13  1180
34  15  271
34  17  1029
34  18  325
34  20  210
34  21  2202
34  23  122
34  24  3
34  26  120
34  29  1476
34  31  135
34  33  220
34  36  12
34  37  1490
34  38  12
34  39  360
34  40  12
34  41  315
34  42  12
34  45  1302
34  49  113
34  52  435
34  53  1197
34  55  375
35  8  111
35  10  138
35  11  165
35  12  294
35  13  36
35  14  78
35  15  1796
35  16  7
35  18  15
35  20  270
35  24  9
35  25  927
35  26  135
35  28  225
35  33  390
35  41  150
35  46  174
35  47  390
35  48  573
35  49  822
35  53  98
35  54  285
35  55  197
36  8  108
36  10  51
36  12  393
36  14  735
36  15  55
36  18  105
36  20  2250
36  23  36
36  24  705
36  26  45
36  29  3
36  30  1222
36  31  24
36  32  255
36  33  300
36  34  60
36  37  3
36  38  147
36  41  495
36  42  390
36  44  251
36  48  71
36  49  45
36  50  184
36  55  420
37  8  108
37  9  290
37  10  111
37  11  248
37  12  45
37  13  147
37  14  300
37  17  37
37  18  62
37  19  105
37  20  150
37  22  780
37  24  2157
37  25  52
37  26  2
37  28  225
37  30  45
37  31  105
37  34  640
37  36  15
37  38  60
37  41  225
37  44  345
37  46  150
37  49  930
37  50  107
37  51  21
37  52  176
37  53  42
37  55  7
38  8  114
38  9  195
38  10  51
38  12  18
38  14  120
38  15  465
38  17  345
38  18  15
38  22  15
38  23  105
38  24  5
38  26  45
38  29  2410
38  30  495
38  31  225
38  34  60
38  36  405
38  37  42
38  39  1528
38  41  129
38  42  60
38  43  48
38  44  210
38  45  343
38  46  99
38  47  179
38  50  168
38  51  224
38  52  270
38  53  129
38  54  60
39  8  93
39  9  315
39  10  111
39  12  162
39  14  1370
39  15  6
39  16  6
39  17  83
39  18  60
39  20  748
39  22  1586
39  23  345
39  24  27
39  25  285
39  26  262
39  28  284
39  30  1192
39  31  150
39  32  152
39  33  2157
39  34  113
39  38  2306
39  40  100
39  41  12
39  43  626
39  44  270
39  46  2108
39  47  15
39  52  270
39  54  1504
40  8  254
40  9  171
40  10  51
40  12  1022
40  14  120
40  16  163
40  17  405
40  20  120
40  22  45
40  24  154
40  26  45
40  31  240
40  32  162
40  33  210
40  34  60
40  39  315
40  41  255
40  42  60
40  46  195
40  48  199
40  50  60
40  52  225
40  53  861
40  54  630
40  55  60
41  8  86
41  10  171
41  12  228
41  16  515
41  17  15
41  18  60
41  20  330
41  22  15
41  24  9
41  25  375
41  26  45
41  27  225
41  28  639
41  29  216
41  30  45
41  33  150
41  34  243
41  35  60
41  36  165
41  37  81
41  38  120
41  39  60
41  40  138
41  42  102
41  43  39
41  44  72
41  46  60
41  47  360
41  48  81
41  49  207
41  51  42
41  52  16
41  54  75
41  55  15
42  8  103
42  9  30
42  10  300
42  11  2099
42  12  402
42  14  435
42  15  3
42  16  83
42  17  18
42  18  122
42  20  210
42  21  565
42  22  69
42  23  3
42  24  83
42  27  70
42  28  30
42  30  24
42  33  255
42  34  55
42  36  477
42  38  42
42  40  42
42  41  315
42  44  30
42  49  85
42  55  375
43  8  102
43  9  330
43  10  71
43  11  67
43  12  18
43  13  12
43  14  165
43  15  3131
43  16  4
43  18  50
43  20  240
43  22  345
43  23  1423
43  24  6
43  25  565
43  26  45
43  28  225
43  30  30
43  31  1201
43  38  65
43  39  1469
43  41  150
43  44  255
43  46  45
43  47  1407
43  49  801
43  50  60
43  52  90
43  53  90
43  54  50
43  55  1350
44  8  109
44  9  359
44  10  51
44  12  18
44  14  690
44  15  80
44  17  246
44  20  2015
44  22  45
44  24  323
44  25  565
44  30  975
44  31  489
44  32  125
44  33  296
44  36  468
44  37  234
44  38  189
44  39  87
44  41  170
44  42  21
44  43  51
44  45  126
44  49  209
44  50  24
44  51  53
44  52  175
45  8  326
45  9  345
45  10  48
45  12  200
45  14  393
45  18  24
45  20  109
45  22  765
45  24  1821
45  25  240
45  26  25
45  31  105
45  34  558
45  38  365
45  44  375
45  46  225
45  50  90
45  52  249
45  54  12
45  55  6
46  8  105
46  9  195
46  10  51
46  11  1007
46  12  153
46  15  135
46  17  375
46  19  141
46  20  120
46  23  177
46  24  8
46  27  135
46  29  2014
46  30  525
46  31  375
46  35  216
46  37  165
46  38  309
46  39  1387
46  40  204
46  41  27
46  43  9
46  45  165
46  47  207
46  48  84
46  51  189
46  52  360
46  53  75
46  54  444
47  8  84
47  10  51
47  11  30
47  12  75
47  14  12
47  16  12
47  17  75
47  18  1
47  19  765
47  20  271
47  21  569
47  24  12
47  25  300
47  27  365
47  28  249
47  29  232
47  33  2074
47  35  127
47  38  465
47  39  3
47  41  73
47  43  621
47  46  570
47  54  60
48  8  93
48  9  60
48  10  175
48  12  989
48  14  285
48  17  150
48  20  120
48  24  11
48  25  45
48  27  375
48  28  60
48  33  255
48  35  590
48  36  180
48  40  77
48  41  265
48  46  225
48  53  216
48  54  1144
48  55  65
49  8  81
49  10  323
49  12  18
49  13  120
49  14  180
49  16  513
49  18  326
49  20  300
49  21  60
49  22  300
49  24  6
49  26  371
49  27  255
49  28  285
49  29  850
49  33  30
49  34  258
49  35  614
49  36  9
49  37  329
49  41  93
49  42  202
49  43  624
49  44  83
49  50  209
49  51  42
49  53  6
49  54  15
50  8  895
50  9  60
50  10  149
50  11  2045
50  12  185
50  13  150
50  14  405
50  16  304
50  17  114
50  18  58
50  19  96
50  21  536
50  22  90
50  24  25
50  25  99
50  26  495
50  27  95
50  28  30
50  30  361
50  33  60
50  36  486
50  37  150
50  38  189
50  40  12
50  43  75
50  44  60
50  45  75
50  49  84
50  51  795
50  53  60
51  8  80
51  9  345
51  10  51
51  11  12
51  12  18
51  13  147
51  14  135
51  15  1951
51  16  555
51  21  60
51  22  375
51  24  455
51  25  723
51  29  45
51  31  45
51  37  30
51  38  270
51  41  60
51  44  255
51  46  270
51  49  60
51  50  714
51  52  90
51  53  84
52  8  108
52  9  240
52  10  51
52  11  435
52  12  18
52  17  105
52  20  2134
52  22  30
52  24  262
52  25  294
52  26  441
52  30  922
52  31  468
52  32  855
52  33  155
52  34  168
52  37  105
52  38  315
52  39  93
52  40  72
52  41  30
52  43  18
52  44  75
52  45  159
52  46  312
52  51  21
52  53  60
52  54  240
53  8  132
53  9  288
53  10  51
53  11  311
53  12  18
53  13  203
53  14  24
53  15  107
53  19  696
53  21  159
53  24  1665
53  25  240
53  27  623
53  29  45
53  34  518
53  35  228
53  37  60
53  38  345
53  40  905
53  43  210
53  46  225
53  48  255
53  49  30
53  50  12
53  51  192
53  52  12
53  54  147
54  8  106
54  9  10
54  10  51
54  11  780
54  12  163
54  13  15
54  14  185
54  17  15
54  20  135
54  24  15
54  25  45
54  27  590
54  29  2167
54  35  300
54  38  12
54  39  642
54  40  516
54  41  25
54  43  25
54  45  60
54  46  522
54  47  47
54  48  696
54  49  4
54  52  168
54  53  142
54  55  19
55  8  103
55  10  51
55  11  30
55  12  45
55  13  30
55  14  42
55  16  60
55  18  4
55  19  780
55  20  285
55  21  174
55  22  660
55  24  16
55  27  120
55  28  527
55  29  117
55  30  162
55  33  1542
55  34  130
55  35  153
55  36  150
55  37  35
55  40  12
55  41  3
55  42  95
55  43  761
55  45  25
55  48  14
55  54  60
