1  8  2160
1  9  1520
1  16  1380
1  17  1580
1  24  1500
1  25  2030
1  32  110
1  33  1040
2  10  1560
2  11  1280
2  18  1310
2  19  970
2  26  1190
2  27  540
2  34  750
2  35  380
5  12  2020
5  13  1540
5  20  350
5  21  660
5  28  1230
5  29  490
5  36  20
5  37  360
6  14  4200
6  15  2070
6  22  1670
6  23  1650
6  30  3560
6  31  380
6  38  240
6  39  520
8  1  216
8  9  70
8  10  677
8  11  70
8  12  86
8  13  70
8  14  68
8  15  74
8  16  729
8  17  80
8  18  98
8  19  71
8  20  70
8  21  373
8  22  166
8  23  138
8  24  69
8  25  71
8  26  68
8  27  2704
8  28  66
8  29  46
8  30  227
8  31  78
8  32  46
8  33  46
8  34  208
8  35  46
8  36  48
8  37  44
8  38  64
8  39  46
8  40  44
8  41  44
8  42  44
8  43  46
8  44  46
8  45  70
8  46  88
8  47  58
8  48  46
8  49  44
8  50  50
8  51  44
8  52  44
8  53  44
8  54  52
8  55  44
8  56  71
8  57  54
8  58  44
8  59  48
8  60  44
8  61  44
8  62  44
8  63  46
8  64  84
8  65  73
8  66  44
8  67  46
8  68  44
8  69  44
8  70  44
8  71  42
9  1  152
9  8  70
9  10  381
9  12  18
9  14  68
9  15  4
9  16  371
9  17  10
9  18  28
9  19  2
9  21  78
9  22  96
9  23  58
9  24  21
9  25  25
9  26  22
9  27  2505
9  28  20
9  30  79
9  31  33
9  34  165
9  36  2
9  38  22
9  45  24
9  46  42
9  47  14
9  48  2
9  50  6
9  54  8
9  56  28
9  57  10
9  59  2
9  64  38
9  65  28
10  2  156
10  8  657
10  9  414
10  11  384
10  12  441
10  13  401
10  14  309
10  15  303
10  16  534
10  17  94
10  18  118
10  19  100
10  20  80
10  21  76
10  22  330
10  23  142
10  24  102
10  25  122
10  26  93
10  27  2012
10  28  72
10  30  231
10  31  92
10  32  20
10  33  59
10  34  204
10  35  52
10  36  2
10  37  31
10  38  43
10  39  45
10  40  12
10  41  35
10  42  18
10  44  42
10  45  78
10  46  67
10  47  14
10  48  59
10  49  4
10  50  7
10  51  71
10  53  97
10  54  58
10  55  87
10  56  53
10  57  142
10  58  438
10  59  285
10  60  350
10  61  364
10  62  340
10  63  49
10  64  487
10  65  422
10  66  384
10  67  414
10  68  480
10  69  414
10  70  387
10  71  440
11  2  128
11  8  70
11  10  320
11  12  18
11  15  4
11  16  320
11  17  10
11  18  28
11  19  2
11  21  10
11  22  84
11  23  72
11  24  21
11  25  25
11  26  22
11  27  2489
11  28  20
11  30  84
11  31  33
11  34  166
11  36  2
11  38  23
11  45  24
11  46  110
11  47  14
11  48  2
11  50  6
11  54  8
11  56  28
11  57  10
11  59  2
11  64  38
11  65  28
12  5  202
12  8  158
12  9  90
12  10  530
12  11  90
12  13  90
12  14  90
12  15  94
12  16  530
12  17  100
12  18  118
12  19  92
12  20  90
12  21  142
12  22  186
12  23  144
12  24  20
12  25  25
12  26  22
12  27  2472
12  28  20
12  30  184
12  31  32
12  34  164
12  36  2
12  38  23
12  45  24
12  46  42
12  47  14
12  48  2
12  50  6
12  54  8
12  56  28
12  57  10
12  59  2
12  64  38
12  65  28
13  5  154
13  8  70
13  10  405
13  12  18
13  14  80
13  15  4
13  16  410
13  17  10
13  18  28
13  19  2
13  21  64
13  22  94
13  23  62
13  24  20
13  25  25
13  26  22
13  27  2589
13  28  20
13  30  84
13  31  32
13  34  166
13  36  2
13  38  24
13  45  24
13  46  42
13  47  14
13  48  2
13  50  6
13  54  8
13  56  28
13  57  10
13  59  2
13  64  38
13  65  28
14  6  445
14  8  68
14  9  190
14  10  495
14  12  18
14  13  200
14  15  4
14  16  460
14  17  200
14  18  28
14  19  2
14  21  314
14  22  100
14  23  58
14  24  20
14  25  187
14  26  22
14  27  2741
14  28  20
14  29  160
14  30  67
14  31  27
14  33  150
14  34  165
14  36  2
14  38  23
14  45  24
14  46  42
14  47  14
14  48  2
14  50  6
14  54  8
14  56  28
14  57  10
14  59  2
14  62  80
14  64  38
14  65  28
15  6  207
15  8  90
15  9  20
15  10  595
15  11  20
15  12  38
15  13  20
15  14  20
15  16  730
15  17  30
15  18  48
15  19  22
15  20  20
15  21  30
15  22  112
15  23  92
15  24  40
15  25  45
15  26  42
15  27  2892
15  28  40
15  29  20
15  30  114
15  31  35
15  32  20
15  33  20
15  34  186
15  35  20
15  36  22
15  37  20
15  38  44
15  39  20
15  40  20
15  41  20
15  42  20
15  43  20
15  44  20
15  45  44
15  46  142
15  47  34
15  48  22
15  49  20
15  50  26
15  51  20
15  52  20
15  53  20
15  54  28
15  55  20
15  56  48
15  57  30
15  58  20
15  59  22
15  60  20
15  61  20
15  62  20
15  63  20
15  64  58
15  65  48
15  66  20
15  67  20
15  68  20
15  69  20
15  70  20
15  71  20
16  1  138
16  8  663
16  9  422
16  10  793
16  11  384
16  12  441
16  13  402
16  14  335
16  15  362
16  17  104
16  18  119
16  19  118
16  20  62
16  21  120
16  22  293
16  23  158
16  24  114
16  25  192
16  26  465
16  27  2114
16  28  388
16  29  294
16  30  472
16  31  105
16  33  83
16  34  223
16  35  54
16  36  2
16  37  33
16  38  43
16  39  27
16  40  32
16  41  18
16  42  30
16  44  43
16  45  68
16  46  60
16  47  24
16  48  2
16  49  66
16  50  6
16  51  75
16  53  71
16  54  75
16  55  63
16  56  74
16  57  74
16  58  82
16  59  9
16  60  25
16  61  52
16  62  77
16  63  14
16  64  468
16  65  447
16  66  384
16  67  419
16  68  482
16  69  416
16  70  391
16  71  416
17  1  158
17  8  120
17  9  50
17  10  395
17  11  50
17  12  68
17  13  50
17  14  118
17  15  54
17  16  445
17  18  78
17  19  52
17  20  50
17  21  62
17  22  166
17  23  98
17  24  71
17  25  75
17  26  72
17  27  2503
17  28  70
17  29  50
17  30  130
17  31  82
17  32  50
17  33  50
17  34  215
17  35  50
17  36  52
17  37  50
17  38  74
17  39  50
17  40  50
17  41  50
17  42  50
17  43  50
17  44  50
17  45  74
17  46  92
17  47  64
17  48  52
17  49  50
17  50  56
17  51  50
17  52  50
17  53  50
17  54  58
17  55  50
17  56  78
17  57  60
17  58  50
17  59  52
17  60  50
17  61  50
17  62  50
17  63  50
17  64  88
17  65  78
17  66  50
17  67  50
17  68  50
17  69  50
17  70  50
17  71  50
18  2  131
18  8  210
18  9  140
18  10  480
18  11  140
18  12  158
18  13  140
18  14  140
18  15  144
18  16  500
18  17  150
18  19  142
18  20  140
18  21  152
18  22  260
18  23  198
18  24  21
18  25  25
18  26  22
18  27  2485
18  28  20
18  30  80
18  31  33
18  34  166
18  36  2
18  38  22
18  45  24
18  46  42
18  47  14
18  48  2
18  50  6
18  54  8
18  56  28
18  57  10
18  59  2
18  62  68
18  64  38
18  65  28
19  2  97
19  8  79
19  9  10
19  10  360
19  11  10
19  12  28
19  13  10
19  14  10
19  15  14
19  16  415
19  17  20
19  18  38
19  20  10
19  21  22
19  22  94
19  23  84
19  24  21
19  25  25
19  26  22
19  27  2399
19  28  20
19  30  85
19  31  33
19  34  166
19  36  2
19  38  23
19  45  24
19  46  110
19  47  14
19  48  2
19  50  6
19  54  8
19  56  28
19  57  10
19  59  2
19  64  38
19  65  28
20  5  35
20  8  70
20  10  170
20  12  18
20  15  4
20  16  135
20  17  10
20  18  28
20  19  2
20  21  10
20  22  96
20  23  50
20  24  22
20  25  25
20  26  22
20  27  2321
20  28  20
20  30  196
20  31  33
20  34  165
20  36  2
20  38  23
20  45  24
20  46  42
20  47  14
20  48  2
20  50  6
20  54  8
20  56  28
20  57  10
20  59  2
20  64  38
20  65  28
21  5  66
21  8  183
21  9  76
21  10  200
21  11  40
21  12  76
21  13  62
21  14  160
21  15  44
21  16  300
21  17  60
21  18  78
21  19  52
21  20  40
21  22  280
21  23  109
21  24  77
21  25  84
21  26  76
21  27  2364
21  28  89
21  29  50
21  30  128
21  31  97
21  32  50
21  33  52
21  34  220
21  35  50
21  36  52
21  37  50
21  38  68
21  39  54
21  40  50
21  41  50
21  42  50
21  43  50
21  44  62
21  45  74
21  46  98
21  47  64
21  48  52
21  49  50
21  50  56
21  51  50
21  52  40
21  53  58
21  54  58
21  55  50
21  56  78
21  57  60
21  58  50
21  59  56
21  60  50
21  61  50
21  62  50
21  63  50
21  64  90
21  65  78
21  66  58
21  67  50
21  68  50
21  69  50
21  70  56
21  71  62
22  6  167
22  8  403
22  9  366
22  10  757
22  11  298
22  12  320
22  13  324
22  14  314
22  15  294
22  16  750
22  17  404
22  18  402
22  19  300
22  20  302
22  21  528
22  23  242
22  24  433
22  25  353
22  26  390
22  27  2955
22  28  434
22  29  364
22  30  455
22  31  457
22  32  376
22  33  376
22  34  551
22  35  418
22  36  358
22  37  344
22  38  388
22  39  400
22  40  400
22  41  412
22  42  424
22  43  444
22  44  376
22  45  412
22  46  430
22  47  458
22  48  292
22  49  290
22  50  296
22  51  370
22  52  280
22  53  280
22  54  288
22  55  360
22  56  308
22  57  290
22  58  280
22  59  362
22  60  280
22  61  280
22  62  360
22  63  360
22  64  318
22  65  308
22  66  280
22  67  360
22  68  280
22  69  280
22  70  280
22  71  172
23  6  165
23  8  354
23  9  274
23  10  441
23  11  248
23  12  280
23  13  278
23  14  274
23  15  252
23  16  431
23  17  282
23  18  302
23  19  252
23  20  250
23  21  308
23  22  310
23  24  221
23  25  209
23  26  263
23  27  2701
23  28  196
23  29  170
23  30  268
23  31  213
23  32  170
23  33  170
23  34  392
23  35  180
23  36  172
23  37  170
23  38  194
23  39  180
23  40  170
23  41  170
23  42  170
23  43  180
23  44  170
23  45  194
23  46  304
23  47  194
23  48  270
23  49  256
23  50  262
23  51  244
23  52  256
23  53  244
23  54  240
23  55  218
23  56  272
23  57  230
23  58  232
23  59  208
23  60  232
23  61  260
23  62  248
23  63  230
23  64  246
23  65  260
23  66  222
23  67  206
23  68  196
23  69  208
23  70  220
23  71  160
24  1  150
24  8  148
24  9  100
24  10  236
24  11  100
24  12  95
24  13  95
24  14  95
24  15  99
24  16  275
24  17  110
24  18  100
24  19  100
24  20  101
24  21  124
24  22  208
24  23  136
24  25  136
24  26  148
24  27  2228
24  28  142
24  29  129
24  30  204
24  31  145
24  32  130
24  33  132
24  34  194
24  35  164
24  36  117
24  37  129
24  38  131
24  39  142
24  40  132
24  41  130
24  42  129
24  43  130
24  44  90
24  45  114
24  46  114
24  47  84
24  48  72
24  49  70
24  50  76
24  51  70
24  52  70
24  53  70
24  54  70
24  55  70
24  56  96
24  57  80
24  58  70
24  59  70
24  60  70
24  61  70
24  62  70
24  63  70
24  64  106
24  65  98
24  66  70
24  67  70
24  68  70
24  69  70
24  70  70
24  71  72
25  1  203
25  8  171
25  9  125
25  10  395
25  11  125
25  12  125
25  13  125
25  14  167
25  15  129
25  16  480
25  17  135
25  18  125
25  19  125
25  20  125
25  21  147
25  22  209
25  23  173
25  24  138
25  26  108
25  27  834
25  28  102
25  29  90
25  30  122
25  31  90
25  32  90
25  33  90
25  34  154
25  35  90
25  36  90
25  37  90
25  38  90
25  39  90
25  40  90
25  41  90
25  42  90
25  43  128
25  44  130
25  45  168
25  46  186
25  47  213
25  48  152
25  49  148
25  50  157
25  51  179
25  52  148
25  53  149
25  54  150
25  55  150
25  56  164
25  57  160
25  58  152
25  59  156
25  60  150
25  61  163
25  62  162
25  63  154
25  64  186
25  65  179
25  66  138
25  67  140
25  68  90
25  69  90
25  70  90
25  71  90
26  2  119
26  8  116
26  9  70
26  10  190
26  11  70
26  12  70
26  13  70
26  14  70
26  15  74
26  16  530
26  17  80
26  18  70
26  19  70
26  20  70
26  21  92
26  22  178
26  23  167
26  24  114
26  25  70
26  27  298
26  28  62
26  29  50
26  30  82
26  31  50
26  32  50
26  33  50
26  34  114
26  35  50
26  36  50
26  37  40
26  38  40
26  39  117
26  40  40
26  41  40
26  42  40
26  43  40
26  44  40
26  45  64
26  46  74
26  47  54
26  48  42
26  49  40
26  50  46
26  51  40
26  52  40
26  53  40
26  54  40
26  55  86
26  56  66
26  57  52
26  58  40
26  59  58
26  60  40
26  61  40
26  62  70
26  63  56
26  64  76
26  65  68
26  66  40
26  67  64
26  68  75
26  69  76
26  70  74
26  71  90
27  2  54
27  8  4696
27  9  5005
27  10  3848
27  11  4905
27  12  4936
27  13  4913
27  14  4877
27  15  4976
27  16  3494
27  17  4919
27  18  5061
27  19  5163
27  20  4833
27  21  4848
27  22  4899
27  23  4765
27  24  3780
27  25  1390
27  26  426
27  28  1756
27  29  1732
27  30  3458
27  31  3421
27  32  4183
27  33  2099
27  34  2279
27  35  2305
27  36  1584
27  37  3119
27  38  290
27  39  3031
27  40  2029
27  41  2056
27  42  260
27  43  1934
27  44  2440
27  45  3970
27  46  2293
27  47  186
27  48  2388
27  49  543
27  50  1432
27  51  2203
27  52  1103
27  53  3546
27  54  4457
27  55  3953
27  56  2861
27  57  144
27  58  3798
27  59  394
27  60  2734
27  61  926
27  62  4451
27  63  2761
27  64  3946
27  65  3694
27  66  1838
27  67  2454
27  68  1544
27  69  3795
27  70  1454
27  71  3801
28  5  123
28  8  146
28  9  100
28  10  220
28  11  100
28  12  100
28  13  100
28  14  100
28  15  104
28  16  485
28  17  110
28  18  100
28  19  100
28  20  100
28  21  157
28  22  214
28  23  138
28  24  102
28  25  78
28  26  76
28  27  1092
28  29  60
28  30  128
28  31  120
28  32  60
28  33  60
28  34  124
28  35  130
28  36  70
28  37  70
28  38  70
28  39  130
28  40  70
28  41  70
28  42  70
28  43  130
28  44  70
28  45  94
28  46  104
28  47  144
28  48  72
28  49  70
28  50  76
28  51  130
28  52  60
28  53  60
28  54  60
28  55  120
28  56  86
28  57  70
28  58  60
28  59  120
28  60  60
28  61  60
28  62  60
28  63  120
28  64  96
28  65  88
28  66  60
28  67  120
28  68  60
28  69  60
28  70  60
28  71  60
29  5  49
29  8  46
29  14  42
29  15  4
29  16  245
29  17  10
29  21  10
29  22  96
29  23  34
29  24  41
29  25  18
29  26  16
29  27  992
29  28  12
29  30  32
29  34  64
29  45  24
29  46  34
29  47  14
29  48  2
29  50  6
29  56  26
29  57  10
29  64  36
29  65  28
30  6  406
30  8  363
30  9  91
30  10  281
30  11  95
30  12  314
30  13  91
30  14  91
30  15  113
30  16  538
30  17  102
30  18  92
30  19  109
30  20  308
30  21  96
30  22  190
30  23  153
30  24  244
30  25  58
30  26  56
30  27  1994
30  28  208
30  29  40
30  31  40
30  32  202
30  33  40
30  34  104
30  35  50
30  36  196
30  37  44
30  38  40
30  39  40
30  40  40
30  41  40
30  42  40
30  43  40
30  44  40
30  45  64
30  46  74
30  47  54
30  48  42
30  49  40
30  50  46
30  51  50
30  52  40
30  53  40
30  54  39
30  55  37
30  56  66
30  57  52
30  58  40
30  59  40
30  60  40
30  61  40
30  62  81
30  63  40
30  64  75
30  65  67
30  66  40
30  67  40
30  68  30
30  69  29
30  70  30
30  71  27
31  6  38
31  8  82
31  9  37
31  10  108
31  11  37
31  12  36
31  13  36
31  14  35
31  15  35
31  16  145
31  17  46
31  18  37
31  19  37
31  20  37
31  21  61
31  22  155
31  23  73
31  24  79
31  25  18
31  26  16
31  27  1969
31  28  24
31  30  32
31  34  62
31  45  24
31  46  76
31  47  14
31  48  2
31  50  6
31  56  26
31  57  10
31  64  36
31  65  28
32  1  11
32  8  46
32  10  55
32  15  4
32  17  10
32  21  10
32  22  100
32  23  34
32  24  62
32  25  18
32  26  16
32  27  2391
32  28  12
32  30  70
32  34  64
32  45  24
32  46  34
32  47  14
32  48  2
32  50  6
32  56  26
32  57  10
32  64  36
32  65  28
33  1  104
33  8  46
33  10  275
33  14  30
33  15  4
33  16  335
33  17  10
33  21  20
33  22  100
33  23  34
33  24  44
33  25  18
33  26  16
33  27  1227
33  28  12
33  30  32
33  34  63
33  45  24
33  46  34
33  47  14
33  48  2
33  50  6
33  56  26
33  57  10
33  64  36
33  65  28
34  2  75
34  8  400
34  9  373
34  10  568
34  11  374
34  12  368
34  13  374
34  14  373
34  15  378
34  16  571
34  17  383
34  18  374
34  19  374
34  20  373
34  21  372
34  22  471
34  23  464
34  24  116
34  25  82
34  26  80
34  27  1297
34  28  76
34  29  64
34  30  96
34  31  60
34  32  64
34  33  63
34  35  60
34  36  64
34  37  63
34  38  64
34  39  60
34  40  64
34  41  64
34  42  62
34  43  60
34  44  64
34  45  88
34  46  98
34  47  74
34  48  65
34  49  64
34  50  70
34  51  59
34  52  64
34  53  63
34  54  64
34  55  55
34  56  90
34  57  74
34  58  63
34  59  60
34  60  64
34  61  64
34  62  94
34  63  60
34  64  100
34  65  92
34  66  63
34  67  60
34  68  64
34  69  64
34  70  64
34  71  56
35  2  38
35  8  46
35  10  95
35  15  4
35  16  95
35  17  10
35  21  10
35  22  104
35  23  36
35  24  84
35  25  18
35  26  16
35  27  1257
35  28  28
35  30  36
35  34  62
35  45  24
35  46  64
35  47  14
35  48  2
35  50  6
35  56  26
35  57  10
35  64  36
35  65  28
36  5  2
36  8  56
36  9  10
36  10  10
36  11  10
36  12  10
36  13  10
36  14  10
36  15  14
36  16  10
36  17  20
36  18  10
36  19  10
36  20  10
36  21  20
36  22  116
36  23  44
36  24  57
36  25  18
36  26  16
36  27  960
36  28  16
36  30  70
36  34  64
36  45  24
36  46  34
36  47  14
36  48  2
36  50  6
36  56  26
36  57  10
36  64  36
36  65  28
37  5  36
37  8  44
37  10  90
37  15  4
37  16  90
37  17  10
37  21  10
37  22  100
37  23  34
37  24  51
37  25  18
37  26  10
37  27  1779
37  28  16
37  30  34
37  34  63
37  45  24
37  46  34
37  47  14
37  48  2
37  50  6
37  56  26
37  57  10
37  64  36
37  65  28
38  6  24
38  8  144
38  9  110
38  10  215
38  11  115
38  12  115
38  13  120
38  14  115
38  15  124
38  16  215
38  17  130
38  18  110
38  19  115
38  20  115
38  21  100
38  22  216
38  23  154
38  24  53
38  25  18
38  26  10
38  27  186
38  28  16
38  30  34
38  34  64
38  45  24
38  46  34
38  47  14
38  48  2
38  50  6
38  56  26
38  57  10
38  64  36
38  65  28
39  6  52
39  8  46
39  10  160
39  15  4
39  16  110
39  17  10
39  21  30
39  22  108
39  23  36
39  24  66
39  25  18
39  26  43
39  27  1767
39  28  28
39  30  34
39  34  62
39  45  24
39  46  34
39  47  14
39  48  2
39  50  6
39  56  26
39  57  10
39  64  36
39  65  28
40  8  44
40  10  60
40  15  4
40  16  110
40  17  10
40  21  10
40  22  108
40  23  34
40  24  44
40  25  18
40  26  10
40  27  1137
40  28  16
40  30  34
40  34  64
40  45  24
40  46  34
40  47  14
40  48  2
40  50  6
40  56  26
40  57  10
40  64  36
40  65  28
40  73  34
41  8  44
41  10  50
41  15  4
41  16  15
41  17  10
41  21  10
41  22  112
41  23  34
41  24  42
41  25  18
41  26  10
41  27  1212
41  28  16
41  30  34
41  34  64
41  45  24
41  46  34
41  47  14
41  48  2
41  50  6
41  56  26
41  57  10
41  64  36
41  65  28
41  73  13
42  8  44
42  10  45
42  15  4
42  16  75
42  17  10
42  21  10
42  22  116
42  23  34
42  24  41
42  25  18
42  26  10
42  27  156
42  28  16
42  30  34
42  34  62
42  45  24
42  46  34
42  47  14
42  48  2
42  50  6
42  56  26
42  57  10
42  64  36
42  65  28
42  74  24
43  8  46
43  15  4
43  17  10
43  21  10
43  22  112
43  23  36
43  24  62
43  25  40
43  26  10
43  27  1082
43  28  28
43  30  34
43  34  62
43  45  24
43  46  34
43  47  14
43  48  2
43  50  6
43  56  26
43  57  10
43  64  36
43  65  28
44  8  46
44  10  150
44  15  4
44  16  150
44  17  10
44  21  20
44  22  100
44  23  34
44  24  18
44  25  42
44  26  10
44  27  1432
44  28  16
44  30  34
44  34  64
44  45  24
44  46  34
44  47  14
44  48  2
44  50  6
44  56  26
44  57  10
44  64  36
44  65  28
44  77  62
45  8  166
45  9  120
45  10  165
45  11  120
45  12  120
45  13  120
45  14  120
45  15  124
45  16  160
45  17  130
45  18  120
45  19  120
45  20  120
45  21  130
45  22  224
45  23  154
45  24  138
45  25  168
45  26  130
45  27  2486
45  28  136
45  29  120
45  30  154
45  31  120
45  32  120
45  33  120
45  34  184
45  35  120
45  36  120
45  37  120
45  38  120
45  39  120
45  40  120
45  41  120
45  42  120
45  43  120
45  44  120
45  46  154
45  47  134
45  48  122
45  49  120
45  50  126
45  51  120
45  52  120
45  53  120
45  54  120
45  55  120
45  56  146
45  57  130
45  58  120
45  59  120
45  60  120
45  61  120
45  62  120
45  63  120
45  64  156
45  65  148
45  66  120
45  67  120
45  68  120
45  69  120
45  70  120
45  71  120
45  77  40
46  8  256
46  9  210
46  10  285
46  11  400
46  12  210
46  13  210
46  14  210
46  15  414
46  16  260
46  17  220
46  18  210
46  19  400
46  20  210
46  21  250
46  22  314
46  23  454
46  24  196
46  25  218
46  26  180
46  27  1661
46  28  186
46  29  170
46  30  204
46  31  330
46  32  170
46  33  170
46  34  234
46  35  320
46  36  170
46  37  170
46  38  170
46  39  170
46  40  170
46  41  170
46  42  170
46  43  170
46  44  170
46  45  194
46  47  184
46  48  172
46  49  170
46  50  176
46  51  170
46  52  170
46  53  170
46  54  170
46  55  170
46  56  196
46  57  180
46  58  170
46  59  170
46  60  170
46  61  170
46  62  170
46  63  170
46  64  206
46  65  198
46  66  170
46  67  170
46  68  170
46  69  170
46  70  170
46  71  170
46  78  285
47  8  114
47  9  70
47  10  70
47  11  70
47  12  70
47  13  70
47  14  70
47  15  74
47  16  95
47  17  80
47  18  70
47  19  70
47  20  70
47  21  80
47  22  182
47  23  106
47  24  84
47  25  173
47  26  80
47  27  186
47  28  98
47  29  70
47  30  104
47  31  70
47  32  70
47  33  70
47  34  132
47  35  70
47  36  70
47  37  70
47  38  70
47  39  70
47  40  70
47  41  70
47  42  70
47  43  70
47  44  70
47  45  94
47  46  104
47  48  72
47  49  70
47  50  76
47  51  70
47  52  70
47  53  70
47  54  70
47  55  70
47  56  96
47  57  80
47  58  70
47  59  70
47  60  70
47  61  70
47  62  70
47  63  70
47  64  106
47  65  98
47  66  70
47  67  70
47  68  70
47  69  70
47  70  70
47  71  70
47  78  19
48  8  54
48  9  10
48  10  105
48  11  10
48  12  10
48  13  10
48  14  10
48  15  14
48  16  10
48  17  20
48  18  10
48  19  10
48  20  10
48  21  20
48  22  72
48  23  86
48  24  24
48  25  56
48  26  20
48  27  1376
48  28  26
48  29  10
48  30  44
48  31  10
48  32  10
48  33  10
48  34  73
48  35  10
48  36  10
48  37  10
48  38  10
48  39  10
48  40  10
48  41  10
48  42  10
48  43  10
48  44  10
48  45  34
48  46  44
48  47  24
48  49  10
48  50  16
48  51  10
48  52  10
48  53  10
48  54  10
48  55  10
48  56  36
48  57  20
48  58  10
48  59  10
48  60  10
48  61  10
48  62  10
48  63  10
48  64  47
48  65  38
48  66  10
48  67  10
48  68  10
48  69  10
48  70  10
48  71  10
48  73  21
49  8  44
49  10  10
49  15  4
49  16  110
49  17  10
49  21  10
49  22  62
49  23  72
49  24  14
49  25  44
49  26  10
49  27  327
49  28  16
49  30  34
49  34  64
49  45  24
49  46  34
49  47  14
49  48  2
49  50  6
49  56  26
49  57  10
49  64  36
49  65  28
49  73  23
50  8  74
50  9  30
50  10  35
50  11  30
50  12  30
50  13  30
50  14  30
50  15  34
50  16  30
50  17  40
50  18  30
50  19  30
50  20  30
50  21  40
50  22  92
50  23  102
50  24  44
50  25  77
50  26  40
50  27  864
50  28  46
50  29  30
50  30  64
50  31  30
50  32  30
50  33  30
50  34  94
50  35  30
50  36  30
50  37  30
50  38  30
50  39  30
50  40  30
50  41  30
50  42  30
50  43  30
50  44  30
50  45  54
50  46  64
50  47  44
50  48  32
50  49  30
50  51  30
50  52  30
50  53  30
50  54  30
50  55  30
50  56  56
50  57  40
50  58  30
50  59  30
50  60  30
50  61  30
50  62  30
50  63  30
50  64  66
50  65  58
50  66  30
50  67  30
50  68  30
50  69  30
50  70  30
50  71  30
50  74  7
51  8  44
51  10  305
51  15  4
51  16  310
51  17  10
51  21  10
51  22  78
51  23  68
51  24  14
51  25  89
51  26  10
51  27  1271
51  28  28
51  30  36
51  34  61
51  45  24
51  46  34
51  47  14
51  48  2
51  50  6
51  56  26
51  57  10
51  64  36
51  65  28
51  74  101
52  8  44
52  15  4
52  17  10
52  21  8
52  22  58
52  23  72
52  24  14
52  25  44
52  26  10
52  27  675
52  28  12
52  30  32
52  34  64
52  45  24
52  46  34
52  47  14
52  48  2
52  50  6
52  56  26
52  57  10
52  64  36
52  65  28
53  8  44
53  10  165
53  15  4
53  16  120
53  17  10
53  21  50
53  22  58
53  23  68
53  24  14
53  25  45
53  26  10
53  27  2058
53  28  12
53  30  32
53  34  63
53  45  24
53  46  34
53  47  14
53  48  2
53  50  6
53  56  26
53  57  10
53  64  36
53  65  28
53  77  65
54  8  84
54  9  40
54  10  215
54  11  40
54  12  40
54  13  40
54  14  40
54  15  44
54  16  250
54  17  50
54  18  40
54  19  40
54  20  40
54  21  50
54  22  98
54  23  104
54  24  14
54  25  56
54  26  10
54  27  2745
54  28  12
54  30  31
54  34  64
54  45  24
54  46  34
54  47  14
54  48  2
54  50  6
54  56  26
54  57  10
54  64  36
54  65  28
54  78  46
55  8  40
55  10  170
55  15  4
55  16  100
55  17  10
55  21  10
55  22  74
55  23  58
55  24  14
55  25  66
55  26  36
55  27  2421
55  28  24
55  30  21
55  34  45
55  45  24
55  46  34
55  47  14
55  48  2
55  50  6
55  56  26
55  57  10
55  64  36
55  65  28
55  78  51
56  8  175
56  9  140
56  10  165
56  11  140
56  12  140
56  13  140
56  14  140
56  15  144
56  16  220
56  17  150
56  18  140
56  19  140
56  20  140
56  21  150
56  22  198
56  23  208
56  24  144
56  25  172
56  26  140
56  27  1877
56  28  142
56  29  130
56  30  162
56  31  130
56  32  130
56  33  130
56  34  194
56  35  130
56  36  130
56  37  130
56  38  130
56  39  130
56  40  130
56  41  130
56  42  130
56  43  130
56  44  130
56  45  154
56  46  164
56  47  144
56  48  132
56  49  130
56  50  136
56  51  130
56  52  130
56  53  130
56  54  130
56  55  130
56  57  140
56  58  130
56  59  130
56  60  130
56  61  130
56  62  130
56  63  130
56  64  146
56  65  148
56  66  130
56  67  130
56  68  130
56  69  130
56  70  130
56  71  130
56  73  44
57  8  94
57  9  50
57  10  290
57  11  50
57  12  50
57  13  50
57  14  50
57  15  54
57  16  210
57  17  60
57  18  50
57  19  50
57  20  50
57  21  60
57  22  108
57  23  110
57  24  64
57  25  96
57  26  62
57  27  152
57  28  62
57  29  50
57  30  84
57  31  50
57  32  50
57  33  50
57  34  114
57  35  50
57  36  50
57  37  50
57  38  50
57  39  50
57  40  50
57  41  50
57  42  50
57  43  50
57  44  50
57  45  74
57  46  84
57  47  64
57  48  52
57  49  50
57  50  56
57  51  50
57  52  50
57  53  50
57  54  50
57  55  50
57  56  76
57  58  50
57  59  50
57  60  50
57  61  50
57  62  50
57  63  50
57  64  86
57  65  78
57  66  50
57  67  50
57  68  50
57  69  50
57  70  50
57  71  50
57  73  58
58  8  44
58  10  445
58  15  4
58  16  155
58  17  10
58  21  12
58  22  58
58  23  64
58  24  14
58  25  48
58  26  10
58  27  2250
58  28  12
58  30  32
58  34  63
58  45  24
58  46  34
58  47  14
58  48  2
58  50  6
58  56  26
58  57  10
58  64  37
58  65  28
58  74  114
59  8  56
59  9  10
59  10  255
59  11  10
59  12  10
59  13  10
59  14  10
59  15  14
59  16  25
59  17  20
59  18  10
59  19  10
59  20  10
59  21  27
59  22  84
59  23  64
59  24  14
59  25  68
59  26  28
59  27  258
59  28  24
59  30  32
59  34  62
59  45  24
59  46  34
59  47  14
59  48  2
59  50  6
59  56  26
59  57  10
59  64  36
59  65  28
59  74  54
60  8  44
60  10  365
60  15  4
60  16  75
60  17  10
60  21  10
60  22  58
60  23  64
60  24  14
60  25  46
60  26  10
60  27  1574
60  28  12
60  30  32
60  34  64
60  45  24
60  46  34
60  47  14
60  48  2
60  50  6
60  56  26
60  57  10
60  64  36
60  65  28
60  77  86
61  8  44
61  10  330
61  15  4
61  16  60
61  17  10
61  21  10
61  22  58
61  23  84
61  24  14
61  25  51
61  26  10
61  27  526
61  28  12
61  30  32
61  34  64
61  45  24
61  46  34
61  47  14
61  48  2
61  50  6
61  56  26
61  57  10
61  64  36
61  65  28
61  77  77
62  8  44
62  10  480
62  14  200
62  15  4
62  16  180
62  17  10
62  18  190
62  21  10
62  22  258
62  23  80
62  24  14
62  25  50
62  26  160
62  27  2711
62  28  12
62  30  191
62  34  214
62  45  24
62  46  34
62  47  14
62  48  2
62  50  6
62  56  26
62  57  10
62  64  36
62  65  28
62  78  292
63  8  46
63  10  70
63  15  4
63  16  50
63  17  10
63  21  12
63  22  74
63  23  62
63  24  14
63  25  78
63  26  26
63  27  1617
63  28  24
63  30  32
63  34  62
63  45  24
63  46  34
63  47  14
63  48  2
63  50  6
63  56  26
63  57  10
63  64  36
63  65  28
63  78  15
64  8  236
64  9  190
64  10  655
64  11  190
64  12  190
64  13  190
64  14  190
64  15  194
64  16  610
64  17  200
64  18  190
64  19  190
64  20  190
64  21  210
64  22  248
64  23  246
64  24  194
64  25  226
64  26  190
64  27  2518
64  28  192
64  29  180
64  30  211
64  31  180
64  32  180
64  33  180
64  34  244
64  35  180
64  36  180
64  37  180
64  38  180
64  39  180
64  40  180
64  41  180
64  42  180
64  43  180
64  44  180
64  45  204
64  46  214
64  47  194
64  48  187
64  49  180
64  50  186
64  51  180
64  52  180
64  53  180
64  54  180
64  55  180
64  56  202
64  57  190
64  58  185
64  59  180
64  60  180
64  61  180
64  62  180
64  63  180
64  65  208
64  66  185
64  67  185
64  68  185
64  69  185
64  70  180
64  71  180
64  73  208
65  8  185
65  9  140
65  10  485
65  11  140
65  12  140
65  13  140
65  14  140
65  15  144
65  16  560
65  17  150
65  18  140
65  19  140
65  20  140
65  21  150
65  22  198
65  23  204
65  24  154
65  25  187
65  26  150
65  27  2330
65  28  152
65  29  140
65  30  171
65  31  140
65  32  140
65  33  140
65  34  204
65  35  140
65  36  140
65  37  140
65  38  140
65  39  140
65  40  140
65  41  140
65  42  140
65  43  140
65  44  140
65  45  164
65  46  174
65  47  154
65  48  142
65  49  140
65  50  146
65  51  140
65  52  140
65  53  140
65  54  140
65  55  140
65  56  164
65  57  150
65  58  140
65  59  140
65  60  140
65  61  140
65  62  140
65  63  140
65  64  176
65  66  140
65  67  140
65  68  140
65  69  140
65  70  140
65  71  140
65  73  181
66  8  44
66  10  320
66  15  4
66  16  320
66  17  10
66  21  50
66  22  58
66  23  62
66  24  14
66  25  52
66  26  10
66  27  1038
66  28  12
66  30  32
66  34  63
66  45  24
66  46  34
66  47  14
66  48  2
66  50  6
66  56  26
66  57  10
66  64  37
66  65  28
66  74  136
67  8  46
67  10  395
67  15  4
67  16  420
67  17  10
67  21  10
67  22  74
67  23  54
67  24  14
67  25  64
67  26  26
67  27  1462
67  28  24
67  30  32
67  34  62
67  45  24
67  46  34
67  47  14
67  48  2
67  50  6
67  56  26
67  57  10
67  64  37
67  65  28
67  74  163
68  8  44
68  10  450
68  15  4
68  16  465
68  17  10
68  21  10
68  22  58
68  23  52
68  24  14
68  25  18
68  26  29
68  27  876
68  28  12
68  30  30
68  34  64
68  45  24
68  46  34
68  47  14
68  48  2
68  50  6
68  56  26
68  57  10
68  64  37
68  65  28
68  77  176
69  8  44
69  10  395
69  15  4
69  16  410
69  17  10
69  21  10
69  22  58
69  23  56
69  24  14
69  25  18
69  26  30
69  27  2223
69  28  12
69  30  29
69  34  64
69  45  24
69  46  34
69  47  14
69  48  2
69  50  6
69  56  26
69  57  10
69  64  37
69  65  28
69  77  161
70  8  44
70  10  335
70  15  4
70  16  345
70  17  10
70  21  40
70  22  58
70  23  60
70  24  14
70  25  18
70  26  28
70  27  830
70  28  12
70  30  30
70  34  64
70  45  24
70  46  34
70  47  14
70  48  2
70  50  6
70  56  26
70  57  10
70  64  36
70  65  28
70  78  136
71  8  38
71  10  525
71  15  4
71  16  475
71  17  10
71  21  118
71  22  38
71  23  32
71  24  16
71  25  18
71  26  24
71  27  2293
71  28  12
71  30  19
71  34  40
71  45  24
71  46  34
71  47  14
71  48  2
71  50  6
71  56  26
71  57  10
71  64  36
71  65  28
71  78  182
73  40  340
73  41  130
73  48  210
73  49  230
73  56  440
73  57  580
73  64  2080
73  65  1810
74  42  240
74  50  70
74  51  1010
74  58  1140
74  59  540
74  66  1360
74  67  1630
77  44  620
77  45  400
77  53  650
77  60  860
77  61  770
77  68  1760
77  69  1610
78  46  2850
78  47  190
78  54  460
78  55  510
78  62  2920
78  63  150
78  70  1360
78  71  1820
