8  9  264
8  10  261
8  11  1070
8  12  219
8  13  243
8  14  222
8  15  219
8  16  852
8  17  942
8  18  232
8  19  246
8  20  263
8  21  601
8  22  264
8  23  147
8  24  1860
8  25  924
8  26  219
8  27  494
8  28  222
8  29  255
8  30  335
8  31  227
8  32  642
8  33  237
8  34  495
8  35  246
8  36  232
8  37  356
8  38  216
8  39  225
8  40  326
8  41  251
8  42  216
8  43  522
8  44  375
8  45  240
8  46  563
8  47  240
8  48  216
8  49  539
8  50  216
8  51  370
8  52  210
8  53  240
8  54  207
8  55  240
9  8  320
9  10  66
9  11  368
9  12  30
9  13  30
9  14  93
9  15  30
9  16  285
9  17  280
9  18  30
9  19  30
9  20  63
9  21  227
9  22  51
9  23  39
9  24  694
9  25  280
9  26  30
9  27  110
9  28  30
9  29  48
9  30  30
9  31  30
9  32  268
9  33  30
9  34  175
9  35  39
9  36  30
9  37  160
9  38  30
9  39  30
9  40  101
9  41  50
9  42  30
9  43  160
9  44  30
9  45  30
9  46  220
9  47  30
9  48  30
9  49  220
9  50  30
9  51  162
9  52  30
9  53  30
9  54  30
9  55  30
10  8  393
10  9  186
10  11  252
10  12  180
10  13  180
10  14  180
10  15  165
10  16  165
10  17  180
10  18  180
10  19  180
10  20  201
10  21  213
10  22  204
10  23  177
10  24  714
10  25  180
10  26  180
10  27  180
10  28  180
10  29  210
10  30  180
10  31  165
10  32  207
10  33  180
10  34  180
10  35  174
10  36  180
10  37  180
10  38  180
10  39  180
10  40  186
10  41  180
10  42  165
10  43  165
10  44  180
10  45  165
10  46  165
10  47  165
10  48  165
10  49  165
10  50  165
10  51  165
10  52  165
10  53  180
10  54  180
10  55  180
11  8  1554
11  9  493
11  10  396
11  12  360
11  13  480
11  14  360
11  15  468
11  16  435
11  17  579
11  18  447
11  19  474
11  20  466
11  21  597
11  22  490
11  23  501
11  24  520
11  25  492
11  26  360
11  27  452
11  28  360
11  29  671
11  30  410
11  31  432
11  32  438
11  33  432
11  34  463
11  35  450
11  36  399
11  37  432
11  38  360
11  39  432
11  40  381
11  41  432
11  42  360
11  43  432
11  44  1692
11  45  432
11  46  663
11  47  414
11  48  360
11  49  468
11  50  360
11  51  414
11  52  360
11  53  414
11  54  360
11  55  414
12  8  207
12  9  6
12  10  36
12  11  72
12  20  33
12  21  27
12  22  21
12  23  9
12  24  471
12  29  45
12  30  63
12  32  27
12  35  9
12  40  21
13  8  215
13  9  6
13  10  36
13  11  172
13  14  60
13  16  60
13  17  60
13  20  36
13  21  67
13  22  21
13  23  9
13  24  587
13  25  60
13  27  20
13  29  48
13  32  54
13  34  20
13  35  9
13  40  21
14  8  210
14  9  231
14  10  36
14  11  72
14  13  225
14  17  315
14  20  33
14  21  302
14  22  21
14  23  9
14  24  665
14  25  315
14  29  273
14  32  39
14  33  210
14  35  9
14  40  21
15  8  155
15  9  6
15  10  33
15  11  162
15  16  60
15  17  45
15  20  33
15  21  57
15  22  21
15  23  9
15  24  815
15  25  45
15  27  20
15  29  36
15  32  78
15  34  20
15  35  9
15  40  21
15  43  70
15  46  66
16  8  972
16  9  120
16  10  33
16  11  219
16  13  72
16  15  72
16  17  168
16  18  55
16  19  72
16  20  93
16  21  134
16  22  100
16  23  118
16  24  364
16  25  147
16  27  72
16  29  187
16  30  258
16  31  54
16  32  43
16  33  54
16  34  43
16  35  72
16  36  39
16  37  104
16  39  54
16  40  21
16  41  54
16  43  280
16  44  456
16  45  123
16  46  105
16  47  72
16  49  201
16  51  122
16  53  72
16  55  72
17  8  1060
17  9  118
17  10  36
17  11  380
17  13  72
17  14  171
17  15  54
17  16  180
17  18  59
17  19  60
17  20  81
17  21  202
17  22  75
17  23  99
17  24  499
17  25  204
17  27  250
17  28  43
17  29  166
17  30  48
17  31  68
17  32  171
17  33  72
17  34  73
17  35  90
17  36  39
17  37  152
17  39  72
17  40  56
17  41  72
17  43  145
17  44  306
17  45  72
17  46  105
17  47  84
17  49  249
17  51  154
17  53  72
17  55  72
18  8  284
18  9  6
18  10  36
18  11  507
18  16  275
18  17  295
18  20  33
18  21  207
18  22  27
18  23  9
18  24  846
18  25  290
18  27  110
18  29  24
18  32  305
18  34  110
18  35  9
18  37  260
18  40  141
18  43  190
18  46  310
18  49  295
18  51  260
19  8  230
19  9  6
19  10  36
19  11  167
19  16  60
19  17  50
19  20  36
19  21  60
19  22  24
19  23  9
19  24  614
19  25  45
19  27  20
19  29  24
19  32  78
19  34  20
19  35  9
19  40  21
19  46  60
20  8  341
20  9  156
20  10  186
20  11  397
20  12  150
20  13  150
20  14  150
20  15  150
20  16  308
20  17  304
20  18  150
20  19  153
20  21  261
20  22  177
20  23  108
20  24  821
20  25  304
20  26  150
20  27  195
20  28  150
20  29  177
20  30  220
20  31  150
20  32  293
20  33  150
20  34  226
20  35  159
20  36  150
20  37  244
20  38  150
20  39  150
20  40  206
20  41  160
20  42  150
20  43  250
20  44  150
20  45  150
20  46  287
20  47  150
20  48  150
20  49  285
20  50  150
20  51  250
20  52  150
20  53  150
20  54  150
20  55  135
21  8  753
21  9  215
21  10  177
21  11  533
21  12  135
21  13  183
21  14  235
21  15  171
21  16  330
21  17  315
21  18  171
21  19  174
21  20  202
21  22  193
21  23  174
21  24  903
21  25  401
21  26  135
21  27  221
21  28  135
21  29  273
21  30  167
21  31  181
21  32  272
21  33  183
21  34  230
21  35  207
21  36  135
21  37  323
21  38  135
21  39  183
21  40  171
21  41  188
21  42  135
21  43  243
21  44  155
21  45  183
21  46  330
21  47  183
21  48  135
21  49  360
21  50  135
21  51  250
21  52  150
21  53  183
21  54  135
21  55  183
22  8  372
22  9  111
22  10  141
22  11  461
22  12  105
22  13  105
22  14  105
22  15  105
22  16  340
22  17  292
22  18  108
22  19  108
22  20  144
22  21  282
22  23  114
22  24  839
22  25  310
22  26  90
22  27  155
22  28  105
22  29  141
22  30  105
22  31  105
22  32  277
22  33  105
22  34  210
22  35  114
22  36  105
22  37  225
22  38  105
22  39  105
22  40  161
22  41  130
22  42  105
22  43  225
22  44  105
22  45  105
22  46  285
22  47  105
22  48  105
22  49  275
22  50  105
22  51  217
22  52  105
22  53  105
22  54  105
22  55  105
23  8  306
23  9  51
23  10  81
23  11  378
23  12  45
23  13  45
23  14  45
23  15  45
23  16  270
23  17  255
23  18  45
23  19  45
23  20  75
23  21  206
23  22  69
23  24  716
23  25  265
23  26  45
23  27  105
23  28  45
23  29  45
23  30  45
23  31  45
23  32  158
23  33  45
23  34  145
23  35  54
23  36  45
23  37  175
23  38  45
23  39  45
23  40  73
23  41  55
23  42  45
23  43  165
23  44  45
23  45  45
23  46  300
23  47  45
23  48  45
23  49  220
23  50  45
23  51  171
23  52  45
23  53  45
23  54  45
23  55  45
24  8  2292
24  9  907
24  10  999
24  11  355
24  12  933
24  13  1077
24  14  1014
24  15  1012
24  16  547
24  17  805
24  18  1095
24  19  1075
24  20  1032
24  21  1026
24  22  1031
24  23  883
24  25  476
24  26  887
24  27  906
24  28  957
24  29  1236
24  30  1175
24  31  923
24  32  818
24  33  1007
24  34  803
24  35  946
24  36  1002
24  37  831
24  38  811
24  39  967
24  40  966
24  41  1070
24  42  914
24  43  692
24  44  1350
24  45  1097
24  46  474
24  47  997
24  48  931
24  49  594
24  50  958
24  51  520
24  52  983
24  53  907
24  54  766
24  55  976
25  8  986
25  9  118
25  10  36
25  11  204
25  13  72
25  14  276
25  15  54
25  16  75
25  17  120
25  18  58
25  19  54
25  20  90
25  21  163
25  22  96
25  23  108
25  24  272
25  27  252
25  28  192
25  29  339
25  30  48
25  31  72
25  32  33
25  33  93
25  34  38
25  35  90
25  36  39
25  37  72
25  39  72
25  40  21
25  41  81
25  43  75
25  44  306
25  45  78
25  47  84
25  49  144
25  51  84
25  53  72
25  55  72
26  8  207
26  9  6
26  10  36
26  11  72
26  20  33
26  21  27
26  22  18
26  23  9
26  24  454
26  29  84
26  32  3
26  33  21
26  35  9
26  40  21
27  8  492
27  9  42
27  10  36
27  11  156
27  13  24
27  15  24
27  16  60
27  17  707
27  18  22
27  19  24
27  20  43
27  21  135
27  22  35
27  23  41
27  24  521
27  25  712
27  29  78
27  30  16
27  31  27
27  32  33
27  33  96
27  34  20
27  35  33
27  37  24
27  39  24
27  40  21
27  41  24
27  43  24
27  45  24
27  46  85
27  47  18
27  49  29
27  51  18
27  53  18
27  55  18
28  8  210
28  9  6
28  10  36
28  11  72
28  17  200
28  20  33
28  21  27
28  22  21
28  23  9
28  24  500
28  25  960
28  29  69
28  30  65
28  32  3
28  33  21
28  35  9
28  40  21
29  8  215
29  9  60
29  10  78
29  11  364
29  12  81
29  13  96
29  14  159
29  15  60
29  16  236
29  17  202
29  18  24
29  19  24
29  20  60
29  21  205
29  22  81
29  23  9
29  24  871
29  25  958
29  26  204
29  27  134
29  28  165
29  30  216
29  31  186
29  32  285
29  33  171
29  34  170
29  35  177
29  36  168
29  37  268
29  38  114
29  39  42
29  40  81
29  41  60
29  42  42
29  43  106
29  44  78
29  45  99
29  46  232
29  47  117
29  48  132
29  49  193
29  50  96
29  51  274
29  52  81
29  53  96
29  54  72
29  55  42
30  8  448
30  9  6
30  10  36
30  11  144
30  12  225
30  16  348
30  17  48
30  20  260
30  21  59
30  22  21
30  23  9
30  24  825
30  25  48
30  27  16
30  28  226
30  29  72
30  32  371
30  33  21
30  34  40
30  35  9
30  36  225
30  37  32
30  40  35
30  41  13
30  43  32
30  46  48
30  49  48
30  51  32
31  8  192
31  9  6
31  10  33
31  11  132
31  16  45
31  17  90
31  20  33
31  21  99
31  22  21
31  23  9
31  24  521
31  25  63
31  27  31
31  29  78
31  32  43
31  33  75
31  34  36
31  35  9
31  37  22
31  40  31
31  46  75
31  49  11
32  8  712
32  9  133
32  10  120
32  11  140
32  12  84
32  13  107
32  14  81
32  15  68
32  16  71
32  17  123
32  18  121
32  19  81
32  20  113
32  21  121
32  22  118
32  23  69
32  24  493
32  25  51
32  26  15
32  27  51
32  28  15
32  29  147
32  30  245
32  31  43
32  33  51
32  34  21
32  35  45
32  36  28
32  37  33
32  38  15
32  39  33
32  40  36
32  41  33
32  42  15
32  43  86
32  44  181
32  45  39
32  46  15
32  47  39
32  48  15
32  49  69
32  50  15
32  51  39
32  52  15
32  53  39
32  54  15
32  55  39
33  8  222
33  9  6
33  10  36
33  11  132
33  14  57
33  16  45
33  17  60
33  20  33
33  21  67
33  22  21
33  23  9
33  24  610
33  25  129
33  26  69
33  27  92
33  28  69
33  29  135
33  30  69
33  31  87
33  32  72
33  34  71
33  35  90
33  36  69
33  37  69
33  38  69
33  39  24
33  40  90
33  41  69
33  42  69
33  43  18
33  44  15
33  45  15
33  46  15
34  8  506
34  9  50
34  10  36
34  11  194
34  13  24
34  15  19
34  16  95
34  17  121
34  18  22
34  19  24
34  20  53
34  21  67
34  22  50
34  23  50
34  24  542
34  25  114
34  27  24
34  29  90
34  30  24
34  31  30
34  32  33
34  33  39
34  35  36
34  36  13
34  37  84
34  39  24
34  40  21
34  41  24
34  43  120
34  44  68
34  45  93
34  46  147
34  47  93
34  48  69
34  49  205
34  50  84
34  51  153
34  52  51
34  53  90
34  54  54
34  55  48
35  8  279
35  9  51
35  10  78
35  11  222
35  12  45
35  13  45
35  14  45
35  15  45
35  16  135
35  17  150
35  18  45
35  19  45
35  20  78
35  21  115
35  22  66
35  23  57
35  24  604
35  25  150
35  26  45
35  27  65
35  28  45
35  29  117
35  30  45
35  31  45
35  32  78
35  33  90
35  34  80
35  36  45
35  37  75
35  38  45
35  39  63
35  40  66
35  41  45
35  42  45
35  43  75
35  44  45
35  45  45
35  46  156
35  47  45
35  48  45
35  49  90
35  50  45
35  51  75
35  52  45
35  53  45
35  54  45
35  55  60
36  8  272
36  9  6
36  10  36
36  11  267
36  16  195
36  17  195
36  20  33
36  21  27
36  22  21
36  23  9
36  24  664
36  25  195
36  29  72
36  30  63
36  32  68
36  33  21
36  34  65
36  35  9
36  37  130
36  40  21
36  43  130
36  46  195
36  49  195
36  51  130
37  8  357
37  9  34
37  10  36
37  11  132
37  16  55
37  17  86
37  18  52
37  20  60
37  21  101
37  22  53
37  23  39
37  24  485
37  25  60
37  27  20
37  29  140
37  30  32
37  31  6
37  32  18
37  33  31
37  34  32
37  35  15
37  36  26
37  40  21
37  44  134
37  49  36
38  8  204
38  9  6
38  10  36
38  11  72
38  20  30
38  21  27
38  22  21
38  23  9
38  24  486
38  29  54
38  32  3
38  33  21
38  35  9
38  40  21
39  8  186
39  9  6
39  10  36
39  11  132
39  16  45
39  17  60
39  20  30
39  21  67
39  22  21
39  23  9
39  24  573
39  25  60
39  27  20
39  29  30
39  32  18
39  33  72
39  34  20
39  35  15
39  40  21
40  8  368
40  9  121
40  10  138
40  11  177
40  12  105
40  13  105
40  14  105
40  15  105
40  16  105
40  17  112
40  18  129
40  19  105
40  20  142
40  21  135
40  22  137
40  23  101
40  24  580
40  25  105
40  26  105
40  27  105
40  28  105
40  29  141
40  30  119
40  31  107
40  32  108
40  33  126
40  34  105
40  35  114
40  36  105
40  37  105
40  38  105
40  39  105
40  41  105
40  42  105
40  43  105
40  44  105
40  45  105
40  46  105
40  47  105
40  48  105
40  49  109
40  50  105
40  51  105
40  52  105
40  53  105
40  54  105
40  55  105
41  8  236
41  9  10
41  10  36
41  11  132
41  16  45
41  17  60
41  20  32
41  21  68
41  22  27
41  23  11
41  24  576
41  25  78
41  27  20
41  29  36
41  30  17
41  32  18
41  33  21
41  34  20
41  35  9
41  40  21
41  49  4
42  8  204
42  9  6
42  10  33
42  11  72
42  20  30
42  21  27
42  22  21
42  23  9
42  24  485
42  29  30
42  32  3
42  33  21
42  35  9
42  40  21
43  8  746
43  9  32
43  10  33
43  11  132
43  15  14
43  16  690
43  17  89
43  18  38
43  20  60
43  21  83
43  22  57
43  23  33
43  24  942
43  25  71
43  27  20
43  29  82
43  30  32
43  32  235
43  33  54
43  34  44
43  35  15
43  36  26
43  40  21
43  44  852
43  49  36
44  8  407
44  9  6
44  10  36
44  11  552
44  16  850
44  17  110
44  20  30
44  21  53
44  22  21
44  23  9
44  24  1504
44  25  102
44  29  42
44  32  355
44  33  3
44  34  36
44  35  9
44  37  60
44  40  21
44  43  324
44  46  100
44  49  101
44  51  478
45  8  224
45  9  6
45  10  33
45  11  132
45  16  313
45  17  52
45  20  30
45  21  67
45  22  21
45  23  9
45  24  1015
45  25  57
45  27  20
45  29  51
45  32  23
45  33  3
45  34  41
45  35  9
45  40  21
46  8  697
46  9  44
46  10  33
46  11  387
46  15  240
46  16  21
46  17  21
46  18  62
46  19  225
46  20  72
46  21  68
46  22  70
46  23  273
46  24  233
46  27  250
46  29  124
46  30  48
46  31  229
46  32  3
46  33  3
46  34  39
46  35  258
46  36  39
46  40  21
46  44  306
46  49  54
47  8  225
47  9  6
47  10  33
47  11  117
47  16  63
47  17  62
47  20  30
47  21  67
47  22  21
47  23  9
47  24  563
47  25  58
47  27  15
47  29  57
47  32  24
47  34  89
47  35  9
47  40  21
48  8  204
48  9  6
48  10  33
48  11  72
48  20  30
48  21  27
48  22  21
48  23  9
48  24  486
48  29  60
48  32  3
48  34  21
48  35  9
48  40  21
49  8  685
49  9  44
49  10  33
49  11  387
49  16  345
49  17  366
49  18  59
49  20  69
49  21  210
49  22  66
49  23  44
49  24  593
49  25  345
49  27  70
49  29  109
49  30  48
49  31  3
49  32  173
49  34  169
49  35  18
49  36  39
49  37  180
49  40  41
49  41  20
49  43  180
49  44  306
49  46  270
49  51  180
50  8  204
50  9  6
50  10  33
50  11  72
50  20  30
50  21  27
50  22  21
50  23  9
50  24  493
50  29  48
50  32  3
50  34  24
50  35  9
50  40  21
51  8  426
51  9  34
51  10  33
51  11  117
51  16  70
51  17  88
51  18  52
51  20  62
51  21  84
51  22  53
51  23  41
51  24  291
51  25  70
51  27  15
51  29  164
51  30  32
51  32  23
51  34  103
51  35  15
51  36  26
51  40  21
51  44  1206
51  49  36
52  8  186
52  9  6
52  10  33
52  11  72
52  20  30
52  21  30
52  22  21
52  23  9
52  24  505
52  29  45
52  32  3
52  34  15
52  35  9
52  40  21
53  8  224
53  9  6
53  10  36
53  11  117
53  16  60
53  17  60
53  20  30
53  21  67
53  22  21
53  23  9
53  24  518
53  25  60
53  27  15
53  29  48
53  32  23
53  34  38
53  35  9
53  40  21
54  8  171
54  9  6
54  10  36
54  11  72
54  20  30
54  21  27
54  22  21
54  23  9
54  24  437
54  29  24
54  32  3
54  34  18
54  35  9
54  40  21
55  8  164
55  9  6
55  10  36
55  11  117
55  16  60
55  17  60
55  20  27
55  21  67
55  22  21
55  23  9
55  24  549
55  25  60
55  27  15
55  29  30
55  32  23
55  34  92
55  35  12
55  40  21
