chris@chris-Inspiron-5455:~/simulator$ ./mixture 2
/home/chris/simulator/app/wen/test1.txt
/home/chris/simulator/app/wen/test2.txt
/home/chris/simulator/app/wen/test3.txt
/home/chris/simulator/app/wen/test4.txt
/home/chris/simulator/app/wen/test5.txt
/home/chris/simulator/app/wen/test6.txt
Output: /home/chris/simulator/Ptrace/mixture2.ptrace
start running
Chessmap: 8*3

1 -1 1 -1 1 -1 1 -1 
-1 1 -1 1 -1 1 -1 1 
1 -1 1 -1 -1 -1 -1 -1 
-1 -1 -1 -1 -1 -1 -1 -1 
-1 -1 -1 -1 -1 -1 -1 -1 
-1 -1 -1 -1 -1 -1 -1 -1 
-1 -1 -1 -1 -1 -1 -1 -1 
-1 -1 -1 -1 -1 -1 -1 -1 

Chessmap: 8*4

1 -1 1 -1 1 -1 1 -1 
-1 1 -1 1 -1 1 -1 1 
1 -1 1 -1 -1 -1 -1 -1 
-1 -1 -1 -1 -1 -1 -1 -1 
2 -1 2 -1 2 -1 2 -1 
-1 2 -1 2 -1 2 -1 2 
2 -1 2 -1 2 -1 2 -1 
-1 2 -1 2 -1 2 -1 2 


1 -1 1 -1 1 -1 1 -1 
-1 1 -1 1 -1 1 -1 1 
1 -1 1 -1 -1 -1 -1 -1 
-1 -1 -1 -1 -1 -1 -1 -1 
2 -1 2 -1 2 -1 2 -1 
-1 2 -1 2 -1 2 -1 2 
2 -1 2 -1 2 -1 2 -1 
-1 2 -1 2 -1 2 -1 2 


1 -1 1 -1 1 -1 1 -1 
-1 1 -1 1 -1 1 -1 1 
1 -1 1 -1 -1 -1 -1 -1 
-1 -1 -1 -1 -1 -1 -1 -1 
2 -1 2 -1 2 -1 2 -1 
-1 2 -1 2 -1 2 -1 2 
2 -1 2 -1 2 -1 2 -1 
-1 2 -1 2 -1 2 -1 2 


1 -1 1 -1 1 -1 1 -1 
-1 1 -1 1 -1 1 -1 1 
1 -1 1 -1 -1 -1 -1 -1 
-1 -1 -1 -1 -1 -1 -1 -1 
2 -1 2 -1 2 -1 2 -1 
-1 2 -1 2 -1 2 -1 2 
2 -1 2 -1 2 -1 2 -1 
-1 2 -1 2 -1 2 -1 2 

APP 2 finished
 arrive at 1000 finished at 3487
 waiting time: 0
 execution time: 2487
migratetimes: 0
migrate_distance: 0
Chessmap: 8*4

1 -1 1 -1 1 -1 1 -1 
-1 1 -1 1 -1 1 -1 1 
1 -1 1 -1 -1 -1 -1 -1 
-1 -1 -1 -1 -1 -1 -1 -1 
3 -1 3 -1 3 -1 3 -1 
-1 3 -1 3 -1 3 -1 3 
3 -1 3 -1 3 -1 3 -1 
-1 3 -1 3 -1 3 -1 3 

APP 1 finished
 arrive at 0 finished at 3669
 waiting time: 0
 execution time: 3669
migratetimes: 0
migrate_distance: 0
Chessmap: 8*3

4 -1 4 -1 4 -1 4 -1 
-1 4 -1 4 -1 4 -1 4 
4 -1 4 -1 -1 -1 -1 -1 
-1 -1 -1 -1 -1 -1 -1 -1 
3 -1 3 -1 3 -1 3 -1 
-1 3 -1 3 -1 3 -1 3 
3 -1 3 -1 3 -1 3 -1 
-1 3 -1 3 -1 3 -1 3 


4 -1 4 -1 4 -1 4 -1 
-1 4 -1 4 -1 4 -1 4 
4 -1 4 -1 -1 -1 -1 -1 
-1 -1 -1 -1 -1 -1 -1 -1 
3 -1 3 -1 3 -1 3 -1 
-1 3 -1 3 -1 3 -1 3 
3 -1 3 -1 3 -1 3 -1 
-1 3 -1 3 -1 3 -1 3 


4 -1 4 -1 4 -1 4 -1 
-1 4 -1 4 -1 4 -1 4 
4 -1 4 -1 -1 -1 -1 -1 
-1 -1 -1 -1 -1 -1 -1 -1 
3 -1 3 -1 3 -1 3 -1 
-1 3 -1 3 -1 3 -1 3 
3 -1 3 -1 3 -1 3 -1 
-1 3 -1 3 -1 3 -1 3 


4 -1 4 -1 4 -1 4 -1 
-1 4 -1 4 -1 4 -1 4 
4 -1 4 -1 -1 -1 -1 -1 
-1 -1 -1 -1 -1 -1 -1 -1 
3 -1 3 -1 3 -1 3 -1 
-1 3 -1 3 -1 3 -1 3 
3 -1 3 -1 3 -1 3 -1 
-1 3 -1 3 -1 3 -1 3 


4 -1 4 -1 4 -1 4 -1 
-1 4 -1 4 -1 4 -1 4 
4 -1 4 -1 -1 -1 -1 -1 
-1 -1 -1 -1 -1 -1 -1 -1 
3 -1 3 -1 3 -1 3 -1 
-1 3 -1 3 -1 3 -1 3 
3 -1 3 -1 3 -1 3 -1 
-1 3 -1 3 -1 3 -1 3 


4 -1 4 -1 4 -1 4 -1 
-1 4 -1 4 -1 4 -1 4 
4 -1 4 -1 -1 -1 -1 -1 
-1 -1 -1 -1 -1 -1 -1 -1 
3 -1 3 -1 3 -1 3 -1 
-1 3 -1 3 -1 3 -1 3 
3 -1 3 -1 3 -1 3 -1 
-1 3 -1 3 -1 3 -1 3 

APP 4 finished
 arrive at 3000 finished at 8518
 waiting time: 670
 execution time: 4848
migratetimes: 0
migrate_distance: 0
Chessmap: 8*3

5 -1 5 -1 5 -1 5 -1 
-1 5 -1 5 -1 5 -1 5 
5 -1 5 -1 -1 -1 -1 -1 
-1 -1 -1 -1 -1 -1 -1 -1 
3 -1 3 -1 3 -1 3 -1 
-1 3 -1 3 -1 3 -1 3 
3 -1 3 -1 3 -1 3 -1 
-1 3 -1 3 -1 3 -1 3 


5 -1 5 -1 5 -1 5 -1 
-1 5 -1 5 -1 5 -1 5 
5 -1 5 -1 -1 -1 -1 -1 
-1 -1 -1 -1 -1 -1 -1 -1 
3 -1 3 -1 3 -1 3 -1 
-1 3 -1 3 -1 3 -1 3 
3 -1 3 -1 3 -1 3 -1 
-1 3 -1 3 -1 3 -1 3 


5 -1 5 -1 5 -1 5 -1 
-1 5 -1 5 -1 5 -1 5 
5 -1 5 -1 -1 -1 -1 -1 
-1 -1 -1 -1 -1 -1 -1 -1 
3 -1 3 -1 3 -1 3 -1 
-1 3 -1 3 -1 3 -1 3 
3 -1 3 -1 3 -1 3 -1 
-1 3 -1 3 -1 3 -1 3 


5 -1 5 -1 5 -1 5 -1 
-1 5 -1 5 -1 5 -1 5 
5 -1 5 -1 -1 -1 -1 -1 
-1 -1 -1 -1 -1 -1 -1 -1 
3 -1 3 -1 3 -1 3 -1 
-1 3 -1 3 -1 3 -1 3 
3 -1 3 -1 3 -1 3 -1 
-1 3 -1 3 -1 3 -1 3 


5 -1 5 -1 5 -1 5 -1 
-1 5 -1 5 -1 5 -1 5 
5 -1 5 -1 -1 -1 -1 -1 
-1 -1 -1 -1 -1 -1 -1 -1 
3 -1 3 -1 3 -1 3 -1 
-1 3 -1 3 -1 3 -1 3 
3 -1 3 -1 3 -1 3 -1 
-1 3 -1 3 -1 3 -1 3 

APP 3 finished
 arrive at 2000 finished at 12743
 waiting time: 1488
 execution time: 9255
migratetimes: 0
migrate_distance: 0
Chessmap: 8*4

5 -1 5 -1 5 -1 5 -1 
-1 5 -1 5 -1 5 -1 5 
5 -1 5 -1 -1 -1 -1 -1 
-1 -1 -1 -1 -1 -1 -1 -1 
6 -1 6 -1 6 -1 6 -1 
-1 6 -1 6 -1 6 -1 6 
6 -1 6 -1 6 -1 6 -1 
-1 6 -1 6 -1 6 -1 6 


5 -1 5 -1 5 -1 5 -1 
-1 5 -1 5 -1 5 -1 5 
5 -1 5 -1 -1 -1 -1 -1 
-1 -1 -1 -1 -1 -1 -1 -1 
6 -1 6 -1 6 -1 6 -1 
-1 6 -1 6 -1 6 -1 6 
6 -1 6 -1 6 -1 6 -1 
-1 6 -1 6 -1 6 -1 6 


5 -1 5 -1 5 -1 5 -1 
-1 5 -1 5 -1 5 -1 5 
5 -1 5 -1 -1 -1 -1 -1 
-1 -1 -1 -1 -1 -1 -1 -1 
6 -1 6 -1 6 -1 6 -1 
-1 6 -1 6 -1 6 -1 6 
6 -1 6 -1 6 -1 6 -1 
-1 6 -1 6 -1 6 -1 6 

time : 15000
6	6	
6	
do chessMigration for app6
migrate succcessfully

5 -1 5 -1 5 -1 5 -1 
-1 5 -1 5 -1 5 -1 5 
5 -1 5 -1 -1 -1 -1 -1 
-1 -1 -1 -1 -1 -1 -1 -1 
-1 6 -1 6 -1 6 -1 6 
6 -1 6 -1 6 -1 6 -1 
-1 6 -1 6 -1 6 -1 6 
6 -1 6 -1 6 -1 6 -1 

APP 6 finished
 arrive at 5000 finished at 15231
 waiting time: 7744
 execution time: 2487
migratetimes: 1
migrate_distance: 0

5 -1 5 -1 5 -1 5 -1 
-1 5 -1 5 -1 5 -1 5 
5 -1 5 -1 -1 -1 -1 -1 
-1 -1 -1 -1 -1 -1 -1 -1 
-1 -1 -1 -1 -1 -1 -1 -1 
-1 -1 -1 -1 -1 -1 -1 -1 
-1 -1 -1 -1 -1 -1 -1 -1 
-1 -1 -1 -1 -1 -1 -1 -1 


5 -1 5 -1 5 -1 5 -1 
-1 5 -1 5 -1 5 -1 5 
5 -1 5 -1 -1 -1 -1 -1 
-1 -1 -1 -1 -1 -1 -1 -1 
-1 -1 -1 -1 -1 -1 -1 -1 
-1 -1 -1 -1 -1 -1 -1 -1 
-1 -1 -1 -1 -1 -1 -1 -1 
-1 -1 -1 -1 -1 -1 -1 -1 


5 -1 5 -1 5 -1 5 -1 
-1 5 -1 5 -1 5 -1 5 
5 -1 5 -1 -1 -1 -1 -1 
-1 -1 -1 -1 -1 -1 -1 -1 
-1 -1 -1 -1 -1 -1 -1 -1 
-1 -1 -1 -1 -1 -1 -1 -1 
-1 -1 -1 -1 -1 -1 -1 -1 
-1 -1 -1 -1 -1 -1 -1 -1 


5 -1 5 -1 5 -1 5 -1 
-1 5 -1 5 -1 5 -1 5 
5 -1 5 -1 -1 -1 -1 -1 
-1 -1 -1 -1 -1 -1 -1 -1 
-1 -1 -1 -1 -1 -1 -1 -1 
-1 -1 -1 -1 -1 -1 -1 -1 
-1 -1 -1 -1 -1 -1 -1 -1 
-1 -1 -1 -1 -1 -1 -1 -1 

APP 5 finished
 arrive at 4000 finished at 19220
 waiting time: 4519
 execution time: 10701
migratetimes: 0
migrate_distance: 0
total running time: 19221

-1 -1 -1 -1 -1 -1 -1 -1 
-1 -1 -1 -1 -1 -1 -1 -1 
-1 -1 -1 -1 -1 -1 -1 -1 
-1 -1 -1 -1 -1 -1 -1 -1 
-1 -1 -1 -1 -1 -1 -1 -1 
-1 -1 -1 -1 -1 -1 -1 -1 
-1 -1 -1 -1 -1 -1 -1 -1 
-1 -1 -1 -1 -1 -1 -1 -1 