chris@chris-Inspiron-5455:~/simulator$ ./mixture 1
/home/chris/simulator/app/wen/test1.txt
/home/chris/simulator/app/wen/test2.txt
/home/chris/simulator/app/wen/test3.txt
/home/chris/simulator/app/wen/test4.txt
/home/chris/simulator/app/wen/test5.txt
/home/chris/simulator/app/wen/test6.txt
Output: /home/chris/simulator/Ptrace/mixture.ptrace
start running
squaremap: 3*3

1 1 1 -1 -1 -1 -1 -1 
1 1 1 -1 -1 -1 -1 -1 
1 1 1 -1 -1 -1 -1 -1 
1 -1 -1 -1 -1 -1 -1 -1 
-1 -1 -1 -1 -1 -1 -1 -1 
-1 -1 -1 -1 -1 -1 -1 -1 
-1 -1 -1 -1 -1 -1 -1 -1 
-1 -1 -1 -1 -1 -1 -1 -1 

squaremap: 4*4

1 1 1 -1 2 2 2 2 
1 1 1 -1 2 2 2 2 
1 1 1 -1 2 2 2 2 
1 -1 -1 -1 2 2 2 2 
-1 -1 -1 -1 -1 -1 -1 -1 
-1 -1 -1 -1 -1 -1 -1 -1 
-1 -1 -1 -1 -1 -1 -1 -1 
-1 -1 -1 -1 -1 -1 -1 -1 

time : 1000
1	
1	
do Square Migration for app1
migrate succcessfully

-1 -1 -1 -1 2 2 2 2 
-1 -1 -1 -1 2 2 2 2 
-1 -1 -1 -1 2 2 2 2 
1 1 1 -1 2 2 2 2 
1 1 1 -1 -1 -1 -1 -1 
1 1 1 -1 -1 -1 -1 -1 
1 -1 -1 -1 -1 -1 -1 -1 
-1 -1 -1 -1 -1 -1 -1 -1 


-1 -1 -1 -1 2 2 2 2 
-1 -1 -1 -1 2 2 2 2 
-1 -1 -1 -1 2 2 2 2 
1 1 1 -1 2 2 2 2 
1 1 1 -1 -1 -1 -1 -1 
1 1 1 -1 -1 -1 -1 -1 
1 -1 -1 -1 -1 -1 -1 -1 
-1 -1 -1 -1 -1 -1 -1 -1 

time : 3000
2	2	2	2	2	2	
2	
do Square Migration for app2
migrate succcessfully

-1 -1 -1 -1 -1 -1 -1 -1 
-1 -1 -1 -1 -1 -1 -1 -1 
-1 -1 -1 -1 -1 -1 -1 -1 
1 1 1 -1 -1 -1 -1 -1 
1 1 1 -1 2 2 2 2 
1 1 1 -1 2 2 2 2 
1 -1 -1 -1 2 2 2 2 
-1 -1 -1 -1 2 2 2 2 

APP 1 finished
 arrive at 0 finished at 3157
 waiting time: 0
 execution time: 3157
migratetimes: 1
migrate_distance: 0
squaremap: 4*4

3 3 3 3 -1 -1 -1 -1 
3 3 3 3 -1 -1 -1 -1 
3 3 3 3 -1 -1 -1 -1 
3 3 3 3 -1 -1 -1 -1 
-1 -1 -1 -1 2 2 2 2 
-1 -1 -1 -1 2 2 2 2 
-1 -1 -1 -1 2 2 2 2 
-1 -1 -1 -1 2 2 2 2 

APP 2 finished
 arrive at 1000 finished at 3187
 waiting time: 0
 execution time: 2187
migratetimes: 1
migrate_distance: 0
squaremap: 3*3

3 3 3 3 4 4 4 -1 
3 3 3 3 4 4 4 -1 
3 3 3 3 4 4 4 -1 
3 3 3 3 4 -1 -1 -1 
-1 -1 -1 -1 -1 -1 -1 -1 
-1 -1 -1 -1 -1 -1 -1 -1 
-1 -1 -1 -1 -1 -1 -1 -1 
-1 -1 -1 -1 -1 -1 -1 -1 


3 3 3 3 4 4 4 -1 
3 3 3 3 4 4 4 -1 
3 3 3 3 4 4 4 -1 
3 3 3 3 4 -1 -1 -1 
-1 -1 -1 -1 -1 -1 -1 -1 
-1 -1 -1 -1 -1 -1 -1 -1 
-1 -1 -1 -1 -1 -1 -1 -1 
-1 -1 -1 -1 -1 -1 -1 -1 

time : 5000
3	4	
3	4	
do Square Migration for app3
migrate succcessfully
do Square Migration for app4
migrate succcessfully

-1 -1 -1 -1 -1 -1 -1 -1 
-1 -1 -1 -1 -1 -1 -1 -1 
-1 -1 -1 -1 -1 -1 -1 -1 
-1 -1 -1 -1 4 4 4 -1 
3 3 3 3 4 4 4 -1 
3 3 3 3 4 4 4 -1 
3 3 3 3 4 -1 -1 -1 
3 3 3 3 -1 -1 -1 -1 


-1 -1 -1 -1 -1 -1 -1 -1 
-1 -1 -1 -1 -1 -1 -1 -1 
-1 -1 -1 -1 -1 -1 -1 -1 
-1 -1 -1 -1 4 4 4 -1 
3 3 3 3 4 4 4 -1 
3 3 3 3 4 4 4 -1 
3 3 3 3 4 -1 -1 -1 
3 3 3 3 -1 -1 -1 -1 

APP 4 finished
 arrive at 3000 finished at 6646
 waiting time: 188
 execution time: 3458
migratetimes: 1
migrate_distance: 0
squaremap: 3*3

-1 -1 -1 -1 5 5 5 -1 
-1 -1 -1 -1 5 5 5 -1 
-1 -1 -1 -1 5 5 5 -1 
-1 -1 -1 -1 5 -1 -1 -1 
3 3 3 3 -1 -1 -1 -1 
3 3 3 3 -1 -1 -1 -1 
3 3 3 3 -1 -1 -1 -1 
3 3 3 3 -1 -1 -1 -1 


-1 -1 -1 -1 5 5 5 -1 
-1 -1 -1 -1 5 5 5 -1 
-1 -1 -1 -1 5 5 5 -1 
-1 -1 -1 -1 5 -1 -1 -1 
3 3 3 3 -1 -1 -1 -1 
3 3 3 3 -1 -1 -1 -1 
3 3 3 3 -1 -1 -1 -1 
3 3 3 3 -1 -1 -1 -1 


-1 -1 -1 -1 5 5 5 -1 
-1 -1 -1 -1 5 5 5 -1 
-1 -1 -1 -1 5 5 5 -1 
-1 -1 -1 -1 5 -1 -1 -1 
3 3 3 3 -1 -1 -1 -1 
3 3 3 3 -1 -1 -1 -1 
3 3 3 3 -1 -1 -1 -1 
3 3 3 3 -1 -1 -1 -1 


-1 -1 -1 -1 5 5 5 -1 
-1 -1 -1 -1 5 5 5 -1 
-1 -1 -1 -1 5 5 5 -1 
-1 -1 -1 -1 5 -1 -1 -1 
3 3 3 3 -1 -1 -1 -1 
3 3 3 3 -1 -1 -1 -1 
3 3 3 3 -1 -1 -1 -1 
3 3 3 3 -1 -1 -1 -1 

time : 10000
3	3	
3	
do Square Migration for app3
migrate succcessfully

3 3 3 3 5 5 5 -1 
3 3 3 3 5 5 5 -1 
3 3 3 3 5 5 5 -1 
3 3 3 3 5 -1 -1 -1 
-1 -1 -1 -1 -1 -1 -1 -1 
-1 -1 -1 -1 -1 -1 -1 -1 
-1 -1 -1 -1 -1 -1 -1 -1 
-1 -1 -1 -1 -1 -1 -1 -1 


3 3 3 3 5 5 5 -1 
3 3 3 3 5 5 5 -1 
3 3 3 3 5 5 5 -1 
3 3 3 3 5 -1 -1 -1 
-1 -1 -1 -1 -1 -1 -1 -1 
-1 -1 -1 -1 -1 -1 -1 -1 
-1 -1 -1 -1 -1 -1 -1 -1 
-1 -1 -1 -1 -1 -1 -1 -1 

APP 3 finished
 arrive at 2000 finished at 11454
 waiting time: 1158
 execution time: 8296
migratetimes: 2
migrate_distance: 0
squaremap: 4*4

6 6 6 6 5 5 5 -1 
6 6 6 6 5 5 5 -1 
6 6 6 6 5 5 5 -1 
6 6 6 6 5 -1 -1 -1 
-1 -1 -1 -1 -1 -1 -1 -1 
-1 -1 -1 -1 -1 -1 -1 -1 
-1 -1 -1 -1 -1 -1 -1 -1 
-1 -1 -1 -1 -1 -1 -1 -1 


6 6 6 6 5 5 5 -1 
6 6 6 6 5 5 5 -1 
6 6 6 6 5 5 5 -1 
6 6 6 6 5 -1 -1 -1 
-1 -1 -1 -1 -1 -1 -1 -1 
-1 -1 -1 -1 -1 -1 -1 -1 
-1 -1 -1 -1 -1 -1 -1 -1 
-1 -1 -1 -1 -1 -1 -1 -1 

time : 13000
6	6	6	6	6	6	6	6	6	
6	
do Square Migration for app6
migrate succcessfully

-1 -1 -1 -1 5 5 5 -1 
-1 -1 -1 -1 5 5 5 -1 
-1 -1 -1 -1 5 5 5 -1 
-1 -1 -1 -1 5 -1 -1 -1 
6 6 6 6 -1 -1 -1 -1 
6 6 6 6 -1 -1 -1 -1 
6 6 6 6 -1 -1 -1 -1 
6 6 6 6 -1 -1 -1 -1 

APP 6 finished
 arrive at 5000 finished at 13642
 waiting time: 6455
 execution time: 2187
migratetimes: 1
migrate_distance: 0

-1 -1 -1 -1 5 5 5 -1 
-1 -1 -1 -1 5 5 5 -1 
-1 -1 -1 -1 5 5 5 -1 
-1 -1 -1 -1 5 -1 -1 -1 
-1 -1 -1 -1 -1 -1 -1 -1 
-1 -1 -1 -1 -1 -1 -1 -1 
-1 -1 -1 -1 -1 -1 -1 -1 
-1 -1 -1 -1 -1 -1 -1 -1 


-1 -1 -1 -1 5 5 5 -1 
-1 -1 -1 -1 5 5 5 -1 
-1 -1 -1 -1 5 5 5 -1 
-1 -1 -1 -1 5 -1 -1 -1 
-1 -1 -1 -1 -1 -1 -1 -1 
-1 -1 -1 -1 -1 -1 -1 -1 
-1 -1 -1 -1 -1 -1 -1 -1 
-1 -1 -1 -1 -1 -1 -1 -1 


-1 -1 -1 -1 5 5 5 -1 
-1 -1 -1 -1 5 5 5 -1 
-1 -1 -1 -1 5 5 5 -1 
-1 -1 -1 -1 5 -1 -1 -1 
-1 -1 -1 -1 -1 -1 -1 -1 
-1 -1 -1 -1 -1 -1 -1 -1 
-1 -1 -1 -1 -1 -1 -1 -1 
-1 -1 -1 -1 -1 -1 -1 -1 

APP 5 finished
 arrive at 4000 finished at 16372
 waiting time: 2647
 execution time: 9725
migratetimes: 0
migrate_distance: 0
total running time: 16373

-1 -1 -1 -1 -1 -1 -1 -1 
-1 -1 -1 -1 -1 -1 -1 -1 
-1 -1 -1 -1 -1 -1 -1 -1 
-1 -1 -1 -1 -1 -1 -1 -1 
-1 -1 -1 -1 -1 -1 -1 -1 
-1 -1 -1 -1 -1 -1 -1 -1 
-1 -1 -1 -1 -1 -1 -1 -1 
-1 -1 -1 -1 -1 -1 -1 -1 
